-2.6531677246
-2.7681181431
-2.5485422611
-2.9178643227
-2.3726785183
-2.4352915287
-2.5669801235
-3.0850918293
-2.8838706017
-2.6259551048
-2.2895264626
-3.0169191360
-2.7009782791
-2.4969072342
-2.4977097511
-2.5547120571
-3.0958929062
-2.6947779655
-2.5379054546
-2.5490109921
-2.8868556023
-2.7452287674
-2.7275424004
-2.6273725033
-2.7256369591
-2.9517252445
-2.6488466263
-2.2296936512
-2.7948849201
-2.6508619785
-2.5718035698
-2.4645042419
-2.7014734745
-2.5376791954
-2.9312410355
-2.9987585545
-2.5651612282
-2.6164205074
-2.8205900192
-2.8500878811
-3.0853581429
-2.6513993740
-2.5570497513
-2.9114973545
-2.8443374634
-2.4933648109
-2.6359333992
-2.6092631817
-2.5265104771
-2.8004212379
-2.6414453983
-3.1204817295
-2.4999721050
-2.2821323872
-2.6589808464
-2.4804215431
-2.7309274673
-2.5517883301
-2.9489316940
-2.9956171513
-2.4383485317
-2.7405536175
-2.5489575863
-2.8843512535
-3.0237607956
-2.9131665230
-2.1877963543
-2.7071278095
-2.7999086380
-2.5083842278
-2.7092628479
-2.8406295776
-2.7155570984
-2.2462713718
-2.7232122421
-2.4941356182
-2.8371968269
-2.2709436417
-2.1612508297
-2.4537777901
-3.0443449020
-2.4637174606
-2.9626631737
-2.4507532120
-2.5670762062
-2.9029011726
-2.8176472187
-2.8942680359
-2.3635275364
-2.3644499779
-2.5461170673
-2.6003727913
-2.6546785831
-2.6052653790
-2.4940366745
-2.2209019661
-2.4845826626
-3.0855817795
-2.6119179726
-2.8089976311
-2.7103197575
-2.5987768173
-2.7512300014
-2.6422019005
-2.3925356865
-2.7343220711
-2.9500901699
-2.9286460876
-2.6573116779
-2.6441679001
-2.8359410763
-2.4164283276
-3.0226407051
-2.7938718796
-2.9085812569
-2.4494853020
-2.7114026546
-3.0150237083
-3.0763089657
-2.3726224899
-2.4683036804
-2.7382645607
-2.8377985954
-3.0193333626
-2.5229024887
-2.5078504086
-2.9842150211
-2.9436545372
-3.0058100224
-2.7763597965
-2.4322023392
-2.4476017952
-2.3975594044
-2.3416221142
-2.5334596634
-2.6244139671
-2.5913684368
-2.5940220356
-2.9737462997
-2.7415366173
-2.7879552841
-2.8043158054
-2.3953046799
-2.6890029907
-2.5747272968
-2.7101087570
-3.0634443760
-2.9315600395
-2.5352673531
-2.4468133450
-2.3134381771
-2.7053778172
-2.5409274101
-2.5661592484
-2.8234634399
-2.9409139156
-2.5647315979
-2.9729084969
-2.5703125000
-2.5807867050
-2.6850934029
-3.0181784630
-2.7216937542
-2.7503247261
-2.4946415424
-2.6658563614
-2.8501458168
-2.7422032356
-2.9219479561
-2.4575748444
-2.5727071762
-2.6357953548
-3.0462684631
-2.8564565182
-2.6803781986
-2.7592692375
-2.5620896816
-2.8047456741
-2.6287002563
-2.4457683563
-2.6622238159
-2.4610841274
-2.6471357346
-2.2959980965
-2.6690788269
-2.6752874851
-2.8127338886
-2.5667841434
-3.0404112339
-2.9319474697
-2.5592837334
-2.5538897514
-2.4733319283
-2.5955059528
-2.5790977478
-2.8648109436
-2.6559526920
-2.8502030373
-3.0823833942
-2.5058276653
-2.9840962887
-2.7357330322
-2.6239895821
-2.8500132561
-2.6031031609
-3.1244518757
-2.7253887653
-2.8820011616
-2.5429797173
-2.4865059853
-2.4675488472
-2.6612100601
-2.6045114994
-2.7618806362
-3.0601246357
-2.8427789211
-2.5645117760
-2.6355907917
-2.3715171814
-2.8001503944
-2.9987637997
-2.7340714931
-2.8865001202
-2.9671685696
-2.9797058105
-2.7888858318
-2.4413075447
-2.3774490356
-2.6453034878
-2.6318774223
-2.3874135017
-2.7114121914
-2.8456056118
-2.5821955204
-2.7553620338
-2.8698019981
-2.9721715450
-2.8720729351
-2.6006593704
-2.6271653175
-2.4735043049
-2.3608345985
-2.9298224449
-2.9487855434
-2.6473062038
-2.5524153709
-2.6776919365
-2.8882610798
-2.4349768162
-2.6110463142
-3.1089963913
-2.9616677761
-2.3301074505
-2.5749146938
-2.4690051079
-2.9141337872
-2.6287240982
-2.8521924019
-2.9800913334
-2.7330269814
-2.4923844337
-2.6574227810
-2.6225390434
-2.4714941978
-2.5150945187
-2.2746558189
-2.6675801277
-2.5869421959
-2.5720067024
-2.6070034504
-2.7209172249
-2.6073215008
-2.7047371864
-2.9518618584
-2.8331651688
-2.7892241478
-2.8973834515
-2.9837422371
-2.8063509464
-2.7047452927
-2.9460699558
-3.0337088108
-2.6419997215
-2.4331393242
-3.0506486893
-2.9361536503
-2.9774746895
-2.6166429520
-3.0094845295
-3.0556156635
-2.8913562298
-2.8445277214
-2.6629779339
-2.6028223038
-2.4994082451
-2.7666223049
-2.5594460964
-2.5789694786
-2.9639782906
-2.5782928467
-2.4536447525
-2.6754941940
-3.0235540867
-3.0896656513
-2.4863929749
-2.7347109318
-2.5251405239
-2.9536986351
-2.6122357845
-2.3158788681
-2.5423669815
-2.6232848167
-2.3399870396
-2.3874487877
-2.7026519775
-2.8500022888
-2.4885838032
-2.5409393311
-2.6462302208
-2.4049930573
-2.4056675434
-2.1685106754
-2.3859105110
-2.6368734837
-2.3204274178
-2.6667242050
-3.0215277672
-2.4445383549
-2.6868550777
-2.6450617313
-2.7317347527
-2.2271804810
-3.0210993290
-2.6266834736
-2.3724977970
-2.9647104740
-2.7136411667
-2.3655877113
-2.3698484898
-2.2710556984
-2.2006258965
-2.3645565510
-2.4152956009
-2.9818396568
-2.6129994392
-2.4763810635
-2.7612838745
-2.7788531780
-2.9024901390
-2.5501937866
-2.6511671543
-2.6066942215
-2.4401636124
-2.9134995937
-2.3787438869
-2.3569016457
-2.7345111370
-2.6809477806
-2.7843229771
-2.5464270115
-2.4727122784
-2.6123964787
-2.5388548374
-2.9821925163
-2.9632017612
-2.7440073490
-2.9165320396
-2.9919927120
-2.6222970486
-2.8873708248
-2.8993554115
-2.8168997765
-2.6538596153
-2.8115491867
-2.5501959324
-2.3380625248
-2.8810746670
-2.8124744892
-2.9545602798
-2.6332261562
-2.9269740582
-3.0149493217
-3.1642403603
-2.7197277546
-2.6833245754
-2.2478585243
-2.5818936825
-2.2152674198
-2.6843714714
-2.8996043205
-2.4930191040
-2.8737144470
-2.6777958870
-2.5192322731
-2.6450998783
-3.0746932030
-2.5510683060
-2.6294174194
-2.6006875038
-2.2891547680
-2.5161845684
-2.4396970272
-2.4797296524
-2.9614350796
-2.4111852646
-3.0211622715
-2.9419431686
-3.0365195274
-3.0729382038
-2.4034054279
-2.4123353958
-2.8285009861
-2.8313379288
-2.6480245590
-2.9257695675
-3.0338377953
-3.0548155308
-2.7791926861
-3.0220296383
-2.5857479572
-2.3793144226
-2.2576639652
-2.6173501015
-2.8639242649
-2.9465880394
-3.1034674644
-2.9414498806
-3.0613398552
-3.0035846233
-3.0346438885
-2.8988630772
-2.8851776123
-2.7934212685
-2.6157302856
-2.5155482292
-2.7005183697
-2.9342801571
-3.0475745201
-2.8701450825
-2.5850319862
-3.0377657413
-2.5961902142
-2.3174159527
-2.4720106125
-2.6216187477
-2.8403379917
-2.6567964554
-3.0426011086
-2.5942461491
-3.0583279133
-2.6574559212
-3.0872867107
-2.7559585571
-2.8854176998
-2.5044298172
-2.6953711510
-2.7613739967
-2.3272914886
-2.4804244041
-2.5947935581
-2.9196710587
-2.9449512959
-2.8291068077
-3.0389482975
-2.8374218941
-2.7815389633
-2.1803171635
-2.3874552250
-2.4938008785
-2.9764723778
-2.9484770298
-3.0441296101
-2.6130299568
-2.6406531334
-2.2965235710
-2.8106369972
-2.3570933342
-2.5551302433
-2.4814095497
-2.6002388000
-2.2912607193
-2.6109173298
-2.7576100826
-2.7468035221
-2.8401532173
-2.7392525673
-2.6128778458
-2.2896306515
-2.7720820904
-2.8221528530
-2.6484427452
-2.9082887173
-2.3363668919
-2.9688885212
-2.7354471684
-2.6216747761
-2.6646840572
-2.5963253975
-2.9880824089
-2.7311882973
-2.9763624668
-2.9029784203
-2.8255782127
-2.5198771954
-2.6409063339
-2.9440236092
-3.1453828812
-2.9912264347
-2.3977699280
-2.9092988968
-2.6793692112
-2.9909732342
-2.3288445473
-2.8094248772
-3.0705180168
-2.9757325649
-3.0155305862
-2.5140974522
-2.6699895859
-2.8846192360
-2.5280377865
-2.9159624577
-2.8742201328
-2.7944624424
-2.7677149773
-2.5872755051
-2.9173352718
-2.8663327694
-2.9712665081
-3.0507242680
-2.9569487572
-2.7969233990
-2.7002820969
-3.0809373856
-2.8406910896
-2.8335893154
-2.4572107792
-2.8245265484
-2.6474313736
-2.9519743919
-2.9157583714
-2.8083827496
-2.5749528408
-2.4763207436
-2.7181088924
-2.4648921490
-2.6468119621
-2.5015270710
-2.4451444149
-2.6507432461
-2.4397580624
-2.5363974571
-2.3839757442
-2.5360918045
-2.6383616924
-2.7262752056
-2.9425027370
-2.9420695305
-2.8599152565
-2.2343149185
-2.4648976326
-2.8607087135
-2.8748133183
-2.6320161819
-3.0203497410
-2.4261071682
-2.7115972042
-2.3365221024
-2.4133591652
-2.1427123547
-2.4082057476
-2.7275021076
-2.4591383934
-2.4755513668
-2.5956192017
-2.4608716965
-2.5128240585
-2.7925240993
-2.6680867672
-3.0327451229
-2.7757673264
-2.9141774178
-3.0927934647
-2.7008619308
-2.7499895096
-2.9204118252
-3.0573697090
-2.8407633305
-2.6418495178
-2.6393380165
-2.8269820213
-3.0078840256
-2.7734286785
-2.6041123867
-2.4876093864
-2.6165604591
-2.6280896664
-2.8650174141
-2.9473838806
-2.7610011101
-2.9178636074
-2.7618279457
-2.2136745453
-2.5550882816
-2.6422979832
-2.6442091465
-2.7767522335
-2.5981740952
-2.5977809429
-2.9532544613
-3.1051278114
-2.4237692356
-2.5798997879
-2.3871510029
-2.9757549763
-3.1436018944
-2.5713641644
-2.3732049465
-1.9814957380
-2.7152349949
-2.5932993889
-2.8097124100
-3.0512013435
-3.0509252548
-2.7901306152
-2.5789740086
-3.0951821804
-2.5945029259
-3.0642371178
-2.9492592812
-2.7002463341
-2.8510470390
-2.6928408146
-2.7280268669
-2.7819750309
-2.7134537697
-2.7606875896
-2.7253472805
-2.5942194462
-3.0298118591
-3.0596668720
-2.9615542889
-2.9830262661
-2.4472882748
-2.5957162380
-2.3477058411
-2.1574566364
-2.5732688904
-2.6189992428
-2.6109414101
-3.0263683796
-2.6147603989
-3.0367193222
-3.1084532738
-2.8116431236
-3.0038971901
-2.8271801472
-2.5615510941
-2.9871788025
-3.1009027958
-2.6442220211
-2.8351728916
-2.9138627052
-2.9702568054
-2.6751875877
-2.8744621277
-2.9797639847
-2.9315748215
-2.9215447903
-2.4827704430
-2.9026885033
-2.5248005390
-2.5773317814
-2.6389086246
-2.8482689857
-2.1825318336
-2.7197911739
-2.7203009129
-2.4456303120
-2.7761256695
-2.9171011448
-2.7799761295
-2.7801883221
-2.7332653999
-2.5870585442
-2.4623990059
-2.8197619915
-2.9603312016
-2.8536810875
-2.4101970196
-2.5873999596
-2.7083663940
-2.9037904739
-2.4911439419
-2.3887774944
-2.5834302902
-2.6443073750
-2.6984868050
-2.6286890507
-2.6414284706
-2.7888128757
-2.9361748695
-3.0727117062
-2.7019805908
-2.8004567623
-2.7668914795
-2.6130387783
-2.4743957520
-3.0078504086
-2.6389181614
-2.3729982376
-3.0127959251
-2.5854208469
-2.6143040657
-2.2003798485
-2.7714970112
-2.5953161716
-2.6157248020
-2.7010841370
-2.7683508396
-2.7837092876
-2.8764150143
-2.8941960335
-2.5314943790
-2.3772535324
-2.3654432297
-2.3037688732
-2.4664518833
-2.5584416389
-2.6470224857
-2.3310384750
-2.8637149334
-2.5564286709
-2.5185129642
-2.5498974323
-2.4333252907
-2.8363165855
-2.7174277306
-3.1031954288
-2.6153030396
-2.7804806232
-2.6984860897
-2.6609811783
-2.9686312675
-3.1092100143
-2.7489762306
-2.6655259132
-2.7525765896
-2.8426306248
-2.6324102879
-2.7154078484
-2.4650011063
-2.9514303207
-2.8993535042
-2.6661019325
-2.4681539536
-2.9471523762
-2.9597382545
-2.9872517586
-2.9008111954
-2.6352376938
-2.8089780807
-2.4265239239
-2.8929464817
-2.5879058838
-2.5861144066
-2.4864170551
-2.4075353146
-2.6147322655
-2.8871712685
-2.8949060440
-2.7774822712
-3.1025662422
-2.0864574909
-2.6262614727
-2.4988317490
-2.8437726498
-2.8598825932
-2.6096594334
-2.7347004414
-2.7603101730
-2.7891478539
-2.6258759499
-2.7147176266
-2.9270796776
-2.6859102249
-2.4661772251
-2.5628046989
-2.3024973869
-2.5544242859
-2.2611796856
-2.6532843113
-3.0378782749
-2.7659096718
-2.8074336052
-2.9428076744
-2.9133133888
-2.7098109722
-2.8030188084
-2.5677332878
-2.4779167175
-2.6131463051
-2.2788450718
-2.6083340645
-2.9972798824
-2.9890682697
-3.0069022179
-3.1400396824
-2.8448641300
-2.8142862320
-2.6591415405
-3.0450143814
-2.7347588539
-2.3057184219
-2.8042664528
-2.7910017967
-2.9142515659
-2.6470417976
-3.0920007229
-2.6394553185
-2.6850056648
-2.1820454597
-2.6791644096
-2.6882083416
-2.6406288147
-2.9164264202
-2.7330524921
-2.6366610527
-2.1050977707
-2.3785984516
-2.3680598736
-2.0444424152
-2.4943768978
-2.5015225410
-2.3698592186
-2.6058866978
-2.8742232323
-2.8763093948
-2.5594315529
-2.7981147766
-2.4750709534
-2.6434710026
-2.3383269310
-2.4359815121
-2.5018689632
-2.8344862461
-3.0006742477
-2.7649054527
-2.5090446472
-2.5308492184
-3.0690665245
-2.8262834549
-2.8832173347
-2.4171676636
-2.6839299202
-2.6101200581
-2.5716016293
-2.9691722393
-2.5754609108
-2.6853609085
-2.4541893005
-2.5558314323
-2.5547230244
-2.8274083138
-2.3756508827
-2.8789684772
-2.8043398857
-2.7476639748
-2.6297304630
-2.7768912315
-2.8710772991
-2.8590581417
-2.4582173824
-2.5193231106
-2.7976579666
-2.7037141323
-2.8373517990
-2.8334259987
-2.9614529610
-2.8465065956
-2.4185748100
-2.4115831852
-2.7145509720
-2.7279775143
-2.4018950462
-2.5776171684
-2.8639216423
-2.8665246964
-2.4853641987
-2.4594697952
-2.8824777603
-2.8098931313
-2.8629384041
-2.9791858196
-2.7800779343
-2.9187707901
-2.9544787407
-2.9558358192
-3.1311352253
-2.6824786663
-2.5817685127
-2.6764664650
-2.4472451210
-2.9225811958
-2.8252100945
-2.5336508751
-2.7600507736
-2.5797767639
-2.7501530647
-2.5829126835
-2.7597081661
-2.6990339756
-2.5563111305
-2.8773462772
-3.1344792843
-2.7055406570
-2.4311203957
-3.0767691135
-2.9044935703
-2.4505410194
-2.2206990719
-2.9212265015
-2.8057732582
-2.3312208652
-2.7468543053
-2.5050213337
-2.4856188297
-2.9379918575
-2.9037053585
-2.9666774273
-2.7764461040
-2.6853361130
-2.4064562321
-2.6075944901
-3.0008146763
-2.8799662590
-2.8821339607
-2.9638688564
-2.6905038357
-2.5602998734
-2.6488218307
-2.7958102226
-2.7370555401
-2.4239671230
-2.8954045773
-2.5715334415
-2.8869194984
-2.6903042793
-3.0456933975
-2.7332437038
-2.5355825424
-2.7665638924
-2.6417999268
-2.4955885410
-2.4432973862
-2.9908311367
-2.9564738274
-3.0584943295
-2.7404227257
-2.9045000076
-2.8310780525
-2.6635792255
-2.5120084286
-2.7751758099
-2.4823274612
-2.6591730118
-2.1645548344
-2.5075068474
-2.6650598049
-2.5712506771
-2.5065281391
-2.7816355228
-2.9005300999
-2.4852349758
-2.5516281128
-2.8542697430
-2.6976647377
-2.4885728359
-2.3777072430
-2.7396137714
-2.8055126667
-2.8406090736
-2.4968287945
-2.9664106369
-2.4478411674
-2.5559184551
-3.1124784946
-2.9961156845
-2.9060618877
-2.8630976677
-2.5855073929
-3.0192606449
-2.7346963882
-2.4204216003
-2.9934415817
-3.0545415878
-2.3688039780
-2.7437334061
-2.9955456257
-2.4283180237
-2.9398801327
-2.9576883316
-2.6328127384
-2.9611585140
-2.9597232342
-2.4492871761
-2.4769716263
-2.4255373478
-2.2627584934
-2.5844862461
-2.3582193851
-2.7712686062
-2.6961681843
-2.4344472885
-2.5783815384
-2.4383180141
-2.4618060589
-2.5022077560
-2.7968194485
-2.9415125847
-2.8151626587
-2.3421659470
-2.7820181847
-2.8176507950
-2.7447495461
-3.0252726078
-3.0458552837
-2.7676854134
-2.8640198708
-3.0313119888
-2.8311567307
-2.6576533318
-2.7122383118
-2.9961640835
-2.4376554489
-2.5019083023
-2.3645164967
-2.8685033321
-2.9116632938
-2.7582604885
-2.9121320248
-2.8210525513
-2.7634201050
-2.7857842445
-2.7873463631
-2.3462338448
-2.2706658840
-2.5896718502
-2.4394097328
-2.5211596489
-2.6451013088
-2.8531661034
-2.4708361626
-2.5663948059
-2.5904378891
-2.6394529343
-2.2973275185
-2.5801253319
-2.5830655098
-2.5127105713
-3.0292544365
-2.8883886337
-3.0149867535
-2.6835951805
-2.9236235619
-2.4772224426
-2.5588574409
-2.2505311966
-2.1901164055
-2.3780012131
-2.3960766792
-3.0771174431
-2.6481807232
-2.7365140915
-2.2763071060
-2.8196625710
-2.9349172115
-2.9393670559
-2.8774504662
-2.4780778885
-2.4752812386
-2.7217059135
-2.7075078487
-2.4622800350
-2.5409851074
-2.6535687447
-2.6728091240
-2.6335072517
-2.8647003174
-2.6962280273
-2.5984282494
-2.3509685993
-2.6951136589
-2.8325805664
-2.3305261135
-2.5980458260
-2.3017740250
-2.4333615303
-2.6049695015
-2.3442864418
-2.4954218864
-3.0134024620
-2.9056940079
-2.7391979694
-2.5373497009
-2.9788191319
-2.8974409103
-2.7646434307
-2.6609807014
-2.6558866501
-2.9204928875
-2.7392818928
-2.9996998310
-2.8248457909
-2.7009007931
-3.0683972836
-3.0827128887
-2.4297788143
-2.5655236244
-2.7341363430
-2.3890612125
-3.0546205044
-2.5483934879
-2.7798130512
-2.9356536865
-2.7802593708
-2.5187416077
-2.3309140205
-2.6111943722
-2.8258056641
-2.8271849155
-2.6043145657
-2.3210992813
-2.4770550728
-2.2752237320
-2.9937307835
-2.9554493427
-2.5097379684
-2.4078288078
-3.0264763832
-2.4320902824
-3.0111927986
-2.9639015198
-2.9847581387
-2.7518658638
-2.3658449650
-2.4564893246
-2.4793939590
-2.6199607849
-2.4666743279
-2.5638122559
-2.6716766357
-2.3969321251
-2.7155485153
-2.8998718262
-2.4014139175
-2.7911391258
-2.9906845093
-2.6977102757
-2.5270450115
-2.5713422298
-2.5885863304
-3.0054647923
-2.9549374580
-2.9641871452
-2.8019311428
-2.8176722527
-2.7872836590
-3.0512120724
-2.9781446457
-3.0260624886
-2.7040147781
-2.8923203945
-2.4534935951
-2.8930191994
-2.7046990395
-3.1056017876
-2.9399244785
-2.5116543770
-2.5018548965
-2.4971985817
-2.6134676933
-2.8434309959
-2.7971186638
-2.7828984261
-2.9319128990
-2.6434657574
-2.6586165428
-2.9211828709
-2.8780429363
-2.4434943199
-2.5682420731
-2.1726410389
-2.6701631546
-2.5651764870
-2.8576803207
-3.0069441795
-3.0430684090
-2.9539651871
-2.8942782879
-2.8576452732
-2.4861402512
-2.8581972122
-2.7544114590
-2.9523110390
-2.9167299271
-2.9330916405
-2.9013459682
-2.5958390236
-2.7548403740
-2.9039380550
-2.8104045391
-2.5921092033
-2.2102320194
-2.6156048775
-2.4463460445
-2.4804162979
-2.4731221199
-2.6947035789
-2.2592980862
-2.5774991512
-2.4575912952
-2.5635545254
-2.8419573307
-2.7403826714
-3.0437631607
-3.0118944645
-2.6540307999
-3.0344543457
-2.4656617641
-2.2610297203
-2.8404312134
-2.6466014385
-2.4195303917
-2.5591468811
-2.5335981846
-2.6245977879
-2.9100522995
-3.1664705276
-2.3304624557
-2.5971310139
-2.9262988567
-2.9180576801
-2.4129273891
-2.5390291214
-2.4966204166
-2.6819965839
-2.7278413773
-2.5547876358
-2.6318261623
-2.5329220295
-2.6123986244
-2.5149202347
-2.5136795044
-2.7045979500
-2.7045512199
-2.1676955223
-2.4850993156
-2.7022044659
-2.2510676384
-2.4616262913
-2.6361339092
-2.7584397793
-2.7467331886
-2.9339742661
-3.1271939278
-3.0198833942
-2.1724653244
-2.3332507610
-2.4682512283
-2.5409963131
-2.8385732174
-2.5102667809
-2.6005983353
-2.7426469326
-2.9164576530
-2.8316049576
-2.3178544044
-2.3940987587
-2.8387017250
-2.6445677280
-2.7873785496
-2.4231810570
-2.9451079369
-2.4661891460
-2.8090715408
-2.7054569721
-2.4630060196
-2.5449621677
-2.5239727497
-1.9889825583
-2.2217392921
-2.6884074211
-2.3863327503
-2.4665081501
-2.5380082130
-2.9821588993
-2.4253170490
-2.9190673828
-2.4121251106
-2.8459203243
-2.5170285702
-2.5906376839
-2.3741996288
-3.0259852409
-3.0842173100
-2.9415676594
-2.8173794746
-2.3821527958
-2.6296310425
-2.4743647575
-2.4737768173
-3.0003893375
-2.8011169434
-3.0316336155
-2.6319844723
-2.5114974976
-2.8878824711
-2.7758848667
-2.9621253014
-2.9991941452
-2.9442892075
-2.6505620480
-3.0634016991
-2.7221474648
-2.9229931831
-2.9325349331
-2.5307345390
-2.5239179134
-2.7114675045
-2.5987343788
-2.4393000603
-2.6012868881
-2.4280209541
-2.5841143131
-2.6725707054
-2.6193864346
-2.4058372974
-2.3821322918
-2.4052679539
-3.0533204079
-2.9476876259
-2.5171840191
-2.9262008667
-2.7079668045
-2.7348935604
-2.5925865173
-2.4874589443
-2.7614130974
-2.8548517227
-2.7307062149
-2.4827573299
-2.9247667789
-2.7393529415
-2.6717469692
-2.7439143658
-2.5243024826
-2.4702618122
-2.2367320061
-2.6095516682
-2.7199797630
-3.0834813118
-2.7654049397
-2.8836224079
-2.8344774246
-2.9467902184
-2.7642085552
-2.5736806393
-2.6687943935
-3.0403685570
-2.7836403847
-2.6416699886
-2.7526049614
-2.7095036507
-2.9156332016
-2.6789243221
-2.2845098972
-2.8263068199
-2.8856089115
-2.2701988220
-3.1160948277
-2.8814685345
-2.7151591778
-2.6651322842
-2.5257196426
-2.6834692955
-2.5512869358
-2.3709540367
-2.9394102097
-2.9089102745
-2.5889177322
-2.8698809147
-3.0158014297
-2.5690944195
-2.5758459568
-2.6434009075
-2.7179369926
-2.3803868294
-2.6424264908
-2.2950158119
-2.6410608292
-2.3483154774
-2.6687269211
-2.6165311337
-2.6541104317
-2.7501766682
-3.0041074753
-2.8759942055
-2.9902322292
-2.8799386024
-3.0380530357
-2.5198214054
-2.7794053555
-3.0731787682
-2.6911773682
-2.7200949192
-3.0842633247
-2.6628484726
-2.6497042179
-2.9441719055
-2.9504866600
-2.9585878849
-2.6990475655
-2.5689709187
-2.9826765060
-2.6822917461
-2.5496675968
-2.6321012974
-3.0649454594
-2.6495165825
-2.3771305084
-2.8962953091
-2.8497238159
-2.9933104515
-2.7518563271
-2.7044661045
-2.5884323120
-2.3515095711
-2.7846882343
-3.0059823990
-2.7796521187
-2.9603075981
-2.9495458603
-2.4748930931
-2.3531465530
-2.8502695560
-2.9920587540
-2.8238739967
-2.6340284348
-2.6211628914
-2.6100466251
-2.2668917179
-2.7162959576
-2.9523816109
-2.4640946388
-2.6932375431
-2.7409846783
-2.6986401081
-2.6604058743
-2.6332254410
-2.5062279701
-2.8664398193
-2.6945643425
-2.7386510372
-2.7129125595
-2.5889678001
-2.5980975628
-2.3292126656
-2.5889317989
-2.7689197063
-2.6963059902
-2.5856359005
-2.8492376804
-2.9266850948
-2.7822303772
-2.8668673038
-2.7698564529
-3.0641236305
-2.6957941055
-3.0660459995
-2.5151948929
-2.4173154831
-2.9192426205
-2.3675270081
-2.3985009193
-2.9671990871
-2.4053914547
-2.4422042370
-2.7054986954
-2.9453594685
-2.8822748661
-2.7531492710
-3.0116908550
-2.0095429420
-2.0828447342
-1.8872889280
-1.8567243814
-1.8693697453
-2.0956540108
-1.9846632481
-1.9875036478
-1.9902286530
-2.0687215328
-2.3570356369
-2.5032260418
-2.5623679161
-2.9867646694
-3.1163301468
-2.8239860535
-2.5783288479
-2.5670232773
-2.4631848335
-2.1287491322
-2.5139353275
-2.7878694534
-2.5013134480
-2.5625741482
-2.5867488384
-2.8687438965
-2.7051687241
-2.5419805050
-2.3592820168
-2.8494224548
-2.8202831745
-3.0509436131
-2.4890165329
-2.8452708721
-2.9015159607
-2.8420667648
-2.9015455246
-2.7056355476
-2.6762530804
-2.4651184082
-2.5600934029
-2.9470956326
-2.8510921001
-3.0316083431
-2.5220162868
-2.5563902855
-2.6760838032
-2.7499363422
-3.0784037113
-2.9469449520
-2.3596856594
-2.4330675602
-2.8453800678
-2.6351232529
-2.6794092655
-2.7058856487
-2.6090855598
-2.8385305405
-2.4189221859
-2.4730086327
-2.6304411888
-2.5780847073
-2.8576886654
-2.8065938950
-2.6584553719
-2.7399291992
-2.5424070358
-2.3935887814
-2.5421373844
-2.3420078754
-2.6965432167
-2.2786645889
-2.9318907261
-3.0867397785
-2.8686347008
-2.7213757038
-2.8249382973
-2.9510579109
-2.5219175816
-2.0861959457
-2.4033873081
-2.7047705650
-2.6981234550
-2.9744682312
-3.0021116734
-2.8751981258
-2.8689625263
-2.9771170616
-2.7850499153
-2.7992882729
-3.0875866413
-2.9071245193
-2.3562717438
-2.7795193195
-2.8222596645
-2.7128369808
-2.4788789749
-2.9500429630
-2.5332198143
-2.8020043373
-2.3653109074
-2.5078008175
-2.7212572098
-2.8993341923
-2.7489073277
-2.9877161980
-2.6181998253
-2.7460119724
-2.7484345436
-2.6802613735
-2.8646903038
-2.4067404270
-2.7394814491
-2.5024266243
-2.4274573326
-2.5404844284
-3.0565760136
-2.8975310326
-2.3037123680
-2.3710184097
-2.4915423393
-3.0947620869
-2.8425457478
-2.9773929119
-2.4968693256
-2.8132629395
-2.8054366112
-2.5512483120
-2.5296359062
-2.6961085796
-2.8845820427
-2.7186861038
-2.5948278904
-2.5766069889
-2.8326303959
-2.3714540005
-2.8952977657
-2.9467508793
-3.0401453972
-3.0264294147
-2.7428667545
-2.9425299168
-2.8554675579
-2.4417603016
-2.1661615372
-2.6382908821
-2.8246154785
-2.9606497288
-3.1314175129
-2.6005036831
-2.3970656395
-2.4704728127
-2.4270641804
-2.8824708462
-2.9868202209
-2.4689173698
-2.3198819160
-3.1241514683
-2.6969308853
-2.8525440693
-2.7884054184
-2.6805188656
-2.3584246635
-2.8969864845
-2.5536379814
-2.8724086285
-2.9165174961
-3.1025710106
-2.6746277809
-2.8184854984
-2.5595600605
-2.6615138054
-2.2112798691
-2.5182499886
-2.5286500454
-2.8828921318
-2.9214708805
-2.3277297020
-2.5519328117
-2.5971674919
-2.6976990700
-2.6159937382
-2.6197485924
-2.8503339291
-2.5869886875
-2.7549664974
-2.6581385136
-2.7097320557
-2.7893776894
-2.5672268867
-2.3441278934
-2.4138712883
-2.4090833664
-2.7374136448
-2.8435947895
-2.6122300625
-2.5110449791
-2.6923346519
-2.5677082539
-2.9780654907
-2.5961713791
-2.8921880722
-2.7196872234
-3.1128861904
-2.7009413242
-2.7443096638
-2.4947705269
-2.4675090313
-2.5539698601
-2.2675695419
-2.7015569210
-2.6841332912
-2.6962366104
-2.7630743980
-3.0376813412
-2.7185831070
-2.4199697971
-3.1377260685
-2.5016016960
-2.7483086586
-2.4698176384
-2.6921420097
-2.6750895977
-2.4869649410
-2.8116865158
-2.6157948971
-2.5621507168
-2.9412901402
-2.5266797543
-2.7340350151
-3.0705816746
-2.6695818901
-2.3093504906
-2.5785014629
-2.7779710293
-2.8412640095
-3.0594453812
-2.5955708027
-3.0755620003
-2.9427697659
-2.6742753983
-2.5965414047
-2.3511214256
-2.3479685783
-2.4955134392
-2.5757918358
-2.8240563869
-2.6910822392
-2.5793833733
-2.6471941471
-3.1540412903
-2.8693315983
-2.4124894142
-2.6230330467
-3.0340540409
-2.6551144123
-2.6232888699
-2.6963827610
-3.0213880539
-2.7771401405
-2.6139569283
-2.4586710930
-2.9076139927
-3.0213232040
-2.5224497318
-2.7868399620
-2.8166677952
-2.7671458721
-3.0396513939
-2.3397173882
-2.4990756512
-2.9600701332
-2.4887478352
-2.6587476730
-2.3502016068
-2.9605226517
-2.3327910900
-2.4680774212
-2.4386224747
-2.9977097511
-2.8402493000
-2.5052061081
-2.5017013550
-2.5264093876
-2.4826307297
-3.1112952232
-2.8015124798
-2.4255118370
-2.6164155006
-2.5253791809
-2.8355267048
-2.2417545319
-2.6618931293
-2.7418885231
-2.8821263313
-2.4944026470
-2.9900510311
-2.9846379757
-2.5938627720
-2.8027954102
-2.3632085323
-2.5966172218
-2.5501992702
-2.3739569187
-2.2299973965
-2.5781884193
-2.7723660469
-2.6222281456
-2.4308393002
-2.3315429688
-2.5344507694
-2.9853098392
-2.5886647701
-2.5299546719
-2.5421495438
-2.7290942669
-2.8956222534
-2.4379038811
-2.6454374790
-2.6717514992
-2.7920384407
-2.8420853615
-3.0616965294
-2.4293780327
-2.6816086769
-2.9619348049
-2.4487323761
-2.5113437176
-2.6444485188
-2.4277977943
-2.4594604969
-3.0506742001
-3.0739123821
-2.6781294346
-2.4029581547
-2.6552572250
-3.0270755291
-2.7481005192
-2.5186233521
-2.7559969425
-2.4497666359
-2.4350781441
-2.7900640965
-2.9656243324
-2.7720425129
-2.5191192627
-2.5063071251
-2.8828217983
-2.5058531761
-2.5619077682
-2.4334514141
-2.5136494637
-2.6878857613
-2.4735319614
-2.5314154625
-2.3521726131
-2.7652685642
-2.9366509914
-2.8517274857
-2.9494364262
-2.8885908127
-2.6910383701
-2.3796067238
-2.9116716385
-2.9166135788
-3.0758693218
-2.6990599632
-2.8640742302
-2.6306500435
-2.7400348186
-2.6922063828
-2.3822126389
-2.9245100021
-2.8365380764
-2.5705516338
-2.3879992962
-2.5673344135
-2.0656571388
-2.5433399677
-2.8011043072
-2.4488122463
-2.9403319359
-2.7689759731
-2.6901414394
-2.3951723576
-2.4621129036
-2.7509040833
-2.6167504787
-2.5092725754
-2.5189554691
-2.6521821022
-2.4135382175
-2.9623641968
-2.5889844894
-2.3126642704
-2.9059791565
-2.9136888981
-2.6195271015
-2.9689290524
-3.0426874161
-2.8169615269
-2.4476966858
-2.5698564053
-2.3816056252
-2.8299343586
-2.5989320278
-2.7768743038
-2.9031763077
-2.5066342354
-2.8045897484
-2.7461194992
-2.7504653931
-2.9451253414
-2.8411052227
-2.8220684528
-2.6339623928
-2.4563078880
-2.6540021896
-2.5988306999
-2.5735738277
-2.7329611778
-2.1947245598
-2.7319550514
-3.0655977726
-2.7028722763
-2.5695080757
-2.3584051132
-2.6339387894
-2.6108827591
-2.5574300289
-2.7646648884
-2.8773968220
-3.0700731277
-3.0010828972
-2.7946171761
-2.6607165337
-2.9028165340
-2.3419108391
-2.7376468182
-3.0263066292
-2.4924926758
-2.6553113461
-2.3518610001
-2.0819094181
-2.6425156593
-2.5539736748
-2.1713476181
-2.1642527580
-2.2024099827
-2.2613210678
-2.4375066757
-3.0324337482
-2.8705422878
-2.3674051762
-2.3365168571
-3.0671529770
-2.4073612690
-2.4088273048
-2.3867871761
-2.4616343975
-2.9170024395
-2.2845611572
-2.8198080063
-2.3661141396
-2.5849964619
-2.9090523720
-2.4533784389
-2.4815096855
-2.5823953152
-3.0334463120
-2.5846104622
-2.9356794357
-2.5362081528
-2.8063187599
-3.0926523209
-2.6111721992
-2.5456035137
-2.0675063133
-2.7270562649
-2.5043730736
-2.4783198833
-2.4984903336
-2.8810429573
-2.7086167336
-2.1123013496
-2.5363767147
-2.7822210789
-2.6831550598
-2.6761460304
-2.6325623989
-2.4903852940
-2.7614305019
-2.8602881432
-2.7895600796
-2.6189332008
-2.6965754032
-2.9235811234
-2.6879403591
-3.0458359718
-3.0012140274
-2.1941092014
-2.5470881462
-2.8071806431
-2.4510424137
-2.8168559074
-2.4226126671
-2.6709611416
-2.5729944706
-2.3508567810
-2.8187625408
-2.9643194675
-2.9342775345
-3.0521163940
-2.6420049667
-2.6733903885
-2.4942288399
-2.3833334446
-2.5533120632
-2.6487009525
-2.9396944046
-2.6413922310
-2.4839007854
-2.6104967594
-2.9167509079
-3.0770077705
-2.6430547237
-2.9186608791
-2.5644564629
-3.0197751522
-2.9279925823
-2.7659742832
-2.6132316589
-2.3510372639
-2.5734689236
-2.7626860142
-2.6139013767
-2.5372939110
-2.8281018734
-2.8659253120
-3.1243550777
-2.7403922081
-2.5875587463
-2.7155723572
-2.7145543098
-2.7744596004
-2.4097285271
-2.3313965797
-2.9270195961
-2.4723205566
-2.5295145512
-2.4156491756
-2.4811329842
-2.8956892490
-2.8327574730
-2.6057896614
-2.3895051479
-3.1456222534
-2.8531250954
-2.5037648678
-2.7451844215
-2.3286762238
-2.7481882572
-3.0081956387
-2.8036687374
-2.9027569294
-2.7717323303
-2.5123295784
-2.9582631588
-2.4373621941
-2.3399302959
-2.9967803955
-3.0040855408
-2.4461719990
-2.6371982098
-2.6567552090
-3.0058388710
-2.2754995823
-2.5356423855
-2.7104837894
-2.6580083370
-2.4069333076
-2.4291615486
-2.7748141289
-3.0160832405
-2.9881181717
-2.9595155716
-2.6998333931
-2.4293820858
-2.0107665062
-2.4105718136
-2.4880425930
-2.7168180943
-2.8942244053
-2.5934817791
-2.4346492290
-2.3847026825
-2.5140457153
-2.5711288452
-2.8413860798
-2.6963043213
-2.8298265934
-2.7778093815
-2.9909188747
-2.5667955875
-2.9397673607
-2.7205073833
-2.5926470757
-2.5007641315
-2.3916828632
-2.5593111515
-2.3774123192
-2.4985544682
-2.7901587486
-2.4698433876
-2.8533477783
-2.8185040951
-2.7658958435
-3.1318814754
-2.7524092197
-2.8806078434
-2.8270528316
-2.7527732849
-2.5488247871
-2.5901525021
-2.8473467827
-2.5033967495
-2.0098505020
-2.6671757698
-2.5437698364
-2.3482041359
-2.7888653278
-2.5600612164
-2.6172282696
-2.9342546463
-3.0040450096
-2.5929949284
-2.5498013496
-2.9839913845
-2.3302593231
-2.8064265251
-2.9009737968
-2.7968809605
-2.7331848145
-2.3933553696
-2.5075263977
-2.6418042183
-2.8609225750
-2.7312662601
-2.5824303627
-3.1227438450
-2.9229900837
-2.5983407497
-2.7825481892
-2.5401113033
-2.5510575771
-2.6480751038
-2.5553412437
-2.6663770676
-2.6447894573
-2.6162438393
-2.5729098320
-2.4585719109
-2.6414172649
-2.4729244709
-2.8306651115
-2.7311856747
-2.7475492954
-2.1199803352
-2.2702643871
-2.9672136307
-2.7725050449
-2.2867720127
-2.2046456337
-2.8174147606
-2.7125446796
-2.3988215923
-2.8713002205
-2.5810537338
-3.0376081467
-2.7696685791
-2.7553951740
-2.9765532017
-2.8461930752
-2.7601702213
-2.7957675457
-2.8532893658
-2.8006067276
-2.9014599323
-3.0185067654
-2.3360004425
-2.7735531330
-2.6683554649
-3.0513081551
-3.0077083111
-2.8599941730
-2.6200344563
-2.6199038029
-2.8941273689
-2.5054757595
-2.7626738548
-3.0109901428
-2.5909101963
-2.8302202225
-2.6212072372
-2.7128155231
-2.3861010075
-2.4470672607
-2.2913599014
-2.6835885048
-2.9224133492
-2.8442454338
-2.9877088070
-2.4541237354
-2.4613187313
-2.6116406918
-2.3128130436
-2.2967121601
-2.6657145023
-2.8327786922
-2.6485247612
-2.1868715286
-2.2813582420
-2.8363833427
-2.7937028408
-2.5939218998
-2.6694123745
-2.0881309509
-2.6726515293
-2.4564034939
-2.5077948570
-2.4089598656
-2.2092652321
-2.9595947266
-2.9884932041
-2.5565781593
-2.9237959385
-2.7916388512
-2.3185133934
-2.7631890774
-2.6246945858
-2.8779668808
-2.7102017403
-2.9385385513
-2.8601343632
-2.3475911617
-2.8095486164
-2.9110140800
-2.8313190937
-2.1699788570
-2.6494371891
-2.2912244797
-2.8051617146
-2.8977479935
-3.0515024662
-2.8349926472
-2.7068340778
-2.9846653938
-2.9914593697
-2.7664031982
-2.5871305466
-2.3731832504
-2.7970032692
-2.9106423855
-2.7026345730
-3.1894357204
-2.9430093765
-2.8836784363
-2.7472448349
-2.5918135643
-2.9762954712
-3.0398495197
-2.4925684929
-2.7620825768
-3.0201849937
-2.8360912800
-2.8824839592
-2.4225654602
-2.9372079372
-2.9628119469
-2.8704338074
-3.1439182758
-2.8575768471
-2.5503273010
-2.5864121914
-2.5173161030
-2.8307774067
-2.9611487389
-2.7777490616
-2.7407431602
-2.3115670681
-2.5405697823
-2.8063375950
-2.5813863277
-2.7004585266
-2.4017529488
-2.5014772415
-2.8155684471
-2.5970408916
-2.6343164444
-2.8599741459
-2.4670088291
-2.4135706425
-2.9563925266
-2.6427993774
-2.5752434731
-2.6727404594
-2.1540637016
-2.5088229179
-2.6641099453
-2.5312435627
-2.7010560036
-2.5645639896
-2.3913390636
-2.6572127342
-2.3124711514
-2.5720639229
-2.3903667927
-2.3346669674
-2.4547963142
-2.1595234871
-2.7550516129
-2.8832254410
-2.6811518669
-2.7201402187
-2.6700503826
-2.9039404392
-2.7654027939
-2.9246685505
-2.7002484798
-2.5976436138
-2.8612871170
-2.7302067280
-2.4246263504
-2.5848829746
-2.5777194500
-2.8323292732
-2.6840043068
-2.9530906677
-2.7547171116
-2.8600480556
-2.6045866013
-2.4540581703
-2.4681575298
-2.8212983608
-2.9305605888
-2.7804875374
-2.3580491543
-2.3932402134
-2.8876955509
-2.4138114452
-2.7315638065
-2.6157376766
-2.6571347713
-2.8010516167
-2.8624992371
-2.8608171940
-2.8279900551
-3.0601422787
-3.0200021267
-2.7430937290
-2.8704261780
-2.6203894615
-2.8210046291
-2.6360716820
-2.8624544144
-2.8335099220
-2.9247288704
-2.3603017330
-2.5163445473
-2.9789843559
-3.0787084103
-3.0284500122
-2.6896004677
-2.8066251278
-2.7301027775
-3.0616707802
-2.9751513004
-2.9537873268
-2.9968519211
-2.7231822014
-3.0416169167
-2.9556488991
-2.4126081467
-2.5860712528
-2.7698845863
-3.0653855801
-2.5645723343
-2.9168088436
-2.6759474277
-2.8247427940
-2.7130637169
-2.4675686359
-3.0246520042
-2.7378015518
-2.7591822147
-2.7390828133
-2.8881421089
-2.8163838387
-2.7460322380
-2.8255720139
-2.6670179367
-2.9441404343
-2.5708336830
-2.9404258728
-2.5213596821
-2.4668452740
-2.5996987820
-2.6458189487
-2.8541414738
-2.7511529922
-2.9472508430
-3.0126619339
-3.1186480522
-2.6981801987
-2.6649181843
-2.5556962490
-2.5870423317
-2.6879453659
-2.5603930950
-2.8740217686
-2.9157812595
-2.7595074177
-2.7786097527
-2.9809956551
-2.5914056301
-2.4341740608
-2.9835252762
-2.8003082275
-2.6787545681
-2.8594012260
-2.4183325768
-2.4902405739
-2.9424476624
-2.8129026890
-3.1287407875
-2.8617854118
-2.9951601028
-2.4481022358
-2.4941411018
-2.7952020168
-2.8489954472
-2.9583668709
-2.8890738487
-2.8690626621
-2.8105821609
-2.5473802090
-2.4729268551
-2.8663613796
-2.4886975288
-2.5396456718
-3.0215075016
-2.7504005432
-2.4707295895
-2.4931409359
-2.6148996353
-2.3843193054
-2.5749933720
-2.8997180462
-2.5469114780
-2.8504223824
-2.8711950779
-2.5157864094
-2.4580445290
-2.2705698013
-2.5488831997
-2.6855344772
-2.1656720638
-3.0395789146
-2.9370706081
-3.0999593735
-2.5497686863
-2.7616498470
-2.6123139858
-2.6682944298
-2.9484784603
-2.8650448322
-3.0112204552
-2.6220054626
-2.8273768425
-2.5837490559
-2.9273488522
-2.7325313091
-2.7338335514
-2.6401250362
-2.8498790264
-2.5944926739
-2.6001052856
-2.3672783375
-2.9564898014
-2.3877856731
-2.6292862892
-2.4021248817
-2.8928575516
-2.6777074337
-2.4815890789
-2.5174238682
-2.6443698406
-2.7666265965
-2.6351182461
-2.6291098595
-3.0861592293
-2.9732072353
-2.6280550957
-2.9475512505
-2.6618623734
-2.4205198288
-2.3342046738
-2.3986949921
-3.0233967304
-2.6262681484
-2.4921705723
-2.8367788792
-2.9003205299
-2.5636858940
-2.7291395664
-3.0094478130
-2.7068977356
-2.5261788368
-3.0819714069
-2.6943540573
-2.9020693302
-2.2887790203
-2.5534265041
-2.4431025982
-2.6901152134
-2.7251105309
-2.8223888874
-2.8821082115
-2.6139745712
-2.8048596382
-2.5473413467
-2.7436547279
-2.9358239174
-2.6349806786
-2.8354539871
-2.5977914333
-2.9023323059
-2.5716931820
-2.6199645996
-2.4870564938
-2.5515394211
-2.4375185966
-2.8290762901
-3.0075249672
-2.6869359016
-2.6415736675
-2.5650115013
-2.8896253109
-3.0520040989
-2.6157269478
-3.0183484554
-2.6347720623
-2.6850533485
-2.5427784920
-2.5399410725
-2.9605550766
-2.6380360126
-2.6602015495
-2.8326191902
-2.5308380127
-2.4275186062
-2.6173577309
-2.6704580784
-3.0527424812
-2.6426320076
-2.6520085335
-2.7894566059
-2.9099080563
-2.7415795326
-2.6175284386
-2.4166333675
-3.0467793941
-2.8737549782
-2.8257403374
-2.5431044102
-3.0563731194
-2.3383841515
-2.8730816841
-3.0806009769
-3.1450309753
-2.4475138187
-2.4883000851
-2.4473884106
-2.9329771996
-2.5264456272
-2.7705814838
-2.3906688690
-3.0087339878
-2.8478548527
-2.6730966568
-2.8973577023
-2.5753977299
-2.7747890949
-2.7024984360
-2.7910523415
-2.6088354588
-2.8778970242
-2.3968656063
-2.5476305485
-2.9236395359
-2.9223647118
-2.6069576740
-2.4049322605
-2.6926419735
-2.9285798073
-2.9564447403
-2.9137425423
-2.8279173374
-2.8194403648
-2.4444928169
-2.8778636456
-2.9084074497
-2.4282777309
-2.4976680279
-2.7118403912
-2.9399189949
-2.5439429283
-2.8090612888
-2.9212088585
-2.4808092117
-2.7964782715
-2.8014111519
-2.6909806728
-2.6317715645
-2.9453048706
-2.5976407528
-2.1891100407
-3.0010578632
-2.7928438187
-2.6549570560
-2.5761308670
-3.0372476578
-2.6314005852
-2.7407824993
-2.7014691830
-2.5871934891
-2.6945147514
-2.3817999363
-2.6232945919
-3.0294358730
-2.8235521317
-2.5231056213
-2.3601441383
-2.4518213272
-2.2277159691
-2.6563210487
-2.9026997089
-2.8838593960
-2.6039683819
-2.6575474739
-2.5756554604
-2.5543198586
-2.9346337318
-2.5357513428
-2.6400835514
-2.8124232292
-2.3650240898
-2.9799766541
-2.8664369583
-2.5388445854
-2.8579852581
-2.7634172440
-2.5542795658
-2.5438745022
-2.5816383362
-2.7479410172
-2.5895986557
-2.3764872551
-2.3109941483
-2.6390023232
-2.4192056656
-2.5653853416
-2.4567363262
-2.3165209293
-2.7629847527
-2.8497014046
-2.0172247887
-2.9094338417
-2.7164635658
-2.9676463604
-2.6147253513
-2.6912252903
-2.5153238773
-2.6191661358
-2.6646053791
-2.2588949203
-2.6735835075
-2.8149251938
-2.9456143379
-2.7369246483
-2.9497723579
-2.6188964844
-2.7045478821
-2.7634332180
-2.9625065327
-2.8315870762
-3.0403988361
-2.6886253357
-2.8100607395
-2.8508770466
-2.9062876701
-3.1702947617
-3.0523822308
-2.3956646919
-2.8569440842
-2.8947536945
-2.9334330559
-2.9029181004
-2.7462849617
-2.7243158817
-2.8464493752
-2.9485969543
-3.0546214581
-2.4796092510
-2.7330985069
-2.9234480858
-2.9414045811
-2.9461865425
-2.9624223709
-2.8014752865
-3.1264295578
-3.0046386719
-2.8228433132
-2.5301067829
-2.5041730404
-2.5916502476
-2.2760393620
-3.0286684036
-2.5937192440
-2.6755366325
-2.9455020428
-2.2833395004
-2.8496654034
-2.9612245560
-3.0309216976
-3.0063886642
-2.7771601677
-2.6704647541
-2.7876894474
-3.1331851482
-2.9732258320
-2.6673877239
-2.8825266361
-2.7347233295
-2.8896317482
-2.7618710995
-3.0453188419
-2.6326539516
-2.8509898186
-3.0066158772
-2.9041047096
-2.4994699955
-3.0003342628
-2.4416146278
-2.6159784794
-2.8774185181
-2.8529853821
-2.9566011429
-2.5536980629
-3.0757522583
-2.7949380875
-2.7033236027
-2.8142585754
-2.6642420292
-2.8896853924
-3.0162808895
-2.9739873409
-2.8110337257
-3.0143802166
-2.6457774639
-2.8959336281
-2.3032076359
-2.9581441879
-3.0499520302
-2.7943162918
-2.7574651241
-2.9136912823
-2.4530458450
-2.2255196571
-2.5150213242
-2.2828493118
-2.6055614948
-2.4871957302
-2.4836010933
-2.6352419853
-2.2878441811
-2.5928359032
-2.4663124084
-2.4927434921
-2.5303785801
-2.7808232307
-2.6880087852
-2.9355332851
-2.8811612129
-2.6450407505
-2.4955978394
-2.7000162601
-2.9278559685
-2.5408425331
-2.8118371964
-2.7211711407
-2.7863652706
-2.9654133320
-2.6916835308
-3.1147572994
-2.9540050030
-2.8004515171
-2.5512235165
-2.6957232952
-2.8928701878
-3.0448391438
-2.4697351456
-2.6465780735
-2.8038203716
-2.7015089989
-2.4901089668
-2.7904639244
-2.6166882515
-2.5370821953
-2.4601299763
-2.6284015179
-3.0137267113
-2.4133658409
-2.6405129433
-2.7826054096
-2.8248133659
-2.7546975613
-2.7024090290
-3.0237455368
-2.4907655716
-2.5313172340
-2.8213441372
-2.5049641132
-2.1800744534
-2.8059430122
-3.0872805119
-2.9008533955
-2.8648285866
-3.0637369156
-2.6762692928
-3.0359611511
-2.8669965267
-2.8635752201
-2.7074570656
-2.4174790382
-2.7597806454
-2.6748323441
-2.3934378624
-2.9032225609
-2.5531728268
-2.9539246559
-3.0813918114
-2.8995437622
-3.0119585991
-2.9627439976
-2.8335375786
-2.9320487976
-2.8750410080
-2.2360329628
-2.5729622841
-2.5272176266
-2.4583165646
-2.4801404476
-2.3878085613
-2.9215893745
-2.5924997330
-2.6068649292
-2.3593511581
-2.8169784546
-2.3611571789
-2.8542032242
-2.5005044937
-3.0877201557
-2.5471372604
-2.2671921253
-2.7760074139
-2.8033132553
-2.7190833092
-2.9264302254
-2.5072767735
-2.7980780602
-2.9688603878
-2.5136036873
-2.5256299973
-2.8065798283
-2.6296579838
-2.9467353821
-2.6581385136
-3.0919077396
-2.6239647865
-2.3794760704
-2.6625006199
-3.0695252419
-3.0327951908
-3.0601565838
-2.5646288395
-2.4397337437
-2.6937675476
-2.9593138695
-2.8606581688
-3.0249481201
-3.0099720955
-2.6890721321
-2.9314494133
-3.0198137760
-2.9583952427
-3.0266811848
-2.9185075760
-2.8581068516
-2.9398703575
-2.9669344425
-2.7406096458
-2.6875550747
-2.8665821552
-2.6452810764
-2.2058305740
-2.4443120956
-2.4418377876
-2.6001114845
-2.4163918495
-2.2907364368
-2.4824476242
-2.4985749722
-2.7988965511
-2.8081426620
-2.6619327068
-2.9418942928
-2.5434699059
-2.5357527733
-2.1630654335
-2.7672653198
-2.6164636612
-3.0215215683
-2.5671119690
-2.8845753670
-3.0235769749
-2.4400401115
-2.8166661263
-2.4287347794
-2.5305864811
-2.8094892502
-2.9485180378
-2.9686779976
-2.8392152786
-3.0183775425
-2.7460124493
-2.5661745071
-2.8751003742
-2.8930006027
-3.0760018826
-2.6664872169
-2.8346326351
-2.5714442730
-2.5285649300
-2.8000094891
-2.6095566750
-3.0015606880
-2.8558132648
-2.3913171291
-3.0623967648
-3.0261056423
-2.6934602261
-3.0449090004
-2.3328909874
-2.4181809425
-2.2070925236
-2.8304560184
-3.0786397457
-2.8426272869
-2.4833216667
-2.8000514507
-2.5852901936
-3.0193963051
-2.6032769680
-2.3899159431
-2.5931358337
-2.7289593220
-2.4831962585
-2.3446130753
-2.4694464207
-2.5022065639
-2.7050890923
-2.4905047417
-2.5410299301
-2.4300565720
-2.5077517033
-2.7140421867
-2.5884323120
-2.6771452427
-2.4822301865
-2.8043286800
-2.6728856564
-2.5468256474
-2.7005529404
-2.6593434811
-2.8284869194
-2.5112020969
-2.7190575600
-2.7279970646
-2.3546159267
-2.6524004936
-2.5888371468
-2.7576551437
-2.4719455242
-2.3467316628
-2.4841561317
-2.7421853542
-2.9564414024
-2.7419090271
-3.0036377907
-2.8557145596
-3.0521581173
-2.9326758385
-2.6280679703
-2.5675394535
-2.9018187523
-2.6909575462
-2.8104658127
-2.7690534592
-2.5358505249
-2.5855548382
-2.6237142086
-2.6222267151
-2.5038552284
-2.7375745773
-2.9297463894
-3.0301027298
-2.8211238384
-2.8508923054
-2.6327443123
-3.1278150082
-2.8005397320
-2.6719155312
-2.8033487797
-2.2423455715
-2.5251317024
-2.3651185036
-2.4646799564
-2.7623889446
-2.9340434074
-2.4518818855
-2.6504855156
-2.8151049614
-2.5871086121
-2.5154008865
-2.9684083462
-2.8596386909
-2.7979557514
-2.9482157230
-2.6519873142
-2.8716509342
-2.9958386421
-2.7802085876
-2.8019676208
-2.7274117470
-2.8649630547
-2.8078904152
-2.6068089008
-3.1449112892
-2.5625746250
-2.9449689388
-2.4489800930
-2.6348216534
-3.0126109123
-2.7834131718
-2.9871726036
-2.5798075199
-2.5726022720
-2.8288362026
-2.8726010323
-2.4488360882
-2.6069791317
-2.8162579536
-2.6802954674
-2.9209947586
-3.0246822834
-2.5556683540
-2.5842733383
-2.8584997654
-2.9075915813
-2.7186257839
-2.4405324459
-2.4338912964
-2.7717089653
-2.5852792263
-2.7828662395
-2.6617727280
-3.0668153763
-2.5788385868
-2.9788999557
-2.6271123886
-2.4369289875
-2.9132909775
-2.9117777348
-3.1538732052
-2.8708436489
-2.9022495747
-3.0031645298
-2.8962202072
-2.7004721165
-2.4749464989
-2.5761971474
-2.5644936562
-2.6426088810
-2.5845568180
-2.6706159115
-2.6334533691
-2.7319896221
-2.6899874210
-2.7737553120
-2.6032803059
-2.9428877831
-2.9114961624
-2.5308527946
-2.2493188381
-2.3453576565
-3.1541166306
-2.8588857651
-2.3194952011
-2.1633524895
-3.0392889977
-2.7351210117
-2.2455861568
-2.8353941441
-2.9563624859
-2.6220846176
-2.6269311905
-2.6351182461
-2.9930589199
-3.1189990044
-2.9082341194
-2.8427901268
-2.8999733925
-2.8058466911
-2.8659982681
-2.9009988308
-2.3910691738
-2.7876570225
-2.4961328506
-2.4418628216
-2.7706017494
-2.4956855774
-2.7769753933
-3.0591816902
-2.7723121643
-2.5782988071
-2.7774004936
-2.5218021870
-2.7152061462
-2.8064882755
-2.9693636894
-2.9866461754
-2.5846350193
-2.0924351215
-2.1490056515
-2.4180886745
-2.5185101032
-2.5690829754
-2.6672563553
-2.4059407711
-2.9569230080
-2.9201283455
-3.1374852657
-3.0004544258
-2.5432908535
-2.5608906746
-2.7614998817
-2.5078663826
-2.5835776329
-2.6589550972
-3.0731558800
-2.6262845993
-2.4173521996
-2.6321561337
-2.9859597683
-2.8358232975
-2.6130712032
-2.3021988869
-2.5222010612
-2.7581388950
-2.5971758366
-2.8137068748
-2.8683042526
-3.1655795574
-2.5103559494
-2.6756405830
-2.9213421345
-2.8311665058
-2.9015226364
-2.6408822536
-2.4661619663
-2.4217514992
-2.6274027824
-2.6636812687
-2.6758027077
-2.8658986092
-2.2457437515
-2.5598742962
-2.6597275734
-2.9663493633
-2.6976602077
-2.5935871601
-2.8738522530
-2.5097155571
-2.9275653362
-2.6846754551
-2.8519728184
-3.0788149834
-3.0524632931
-3.0680429935
-2.3329675198
-2.9425656796
-2.6835768223
-2.5982923508
-2.2719242573
-2.4259703159
-2.9196710587
-2.6330220699
-2.9217007160
-2.8179078102
-2.8592920303
-2.9624567032
-2.5856058598
-2.6602821350
-2.8607084751
-2.9096479416
-2.7611236572
-2.9564881325
-2.5784120560
-2.5535926819
-2.8382101059
-3.1260323524
-2.9047334194
-2.9451863766
-2.7746431828
-2.9095916748
-2.7014667988
-2.8841233253
-2.8822438717
-2.7356872559
-2.5076844692
-2.6835134029
-2.8433325291
-2.6143202782
-2.5040788651
-2.8237607479
-3.0523877144
-2.6702437401
-2.4048426151
-2.6023330688
-2.7970340252
-2.8584454060
-2.6504111290
-3.0696487427
-2.7561011314
-2.8751730919
-3.1074259281
-2.9945678711
-2.7702090740
-2.2992854118
-2.7411119938
-2.8102777004
-3.0508151054
-2.7439370155
-2.9704360962
-2.5604348183
-2.5206539631
-2.7557585239
-2.5867397785
-2.5687243938
-2.2605566978
-2.3508048058
-2.5751390457
-2.9597687721
-3.0146889687
-2.5441427231
-3.0006730556
-2.6659784317
-2.5046911240
-2.5431272984
-2.6351230145
-2.5958924294
-2.6460967064
-2.4402570724
-2.7229425907
-2.4898226261
-2.1648883820
-2.7838053703
-2.5033199787
-2.5825462341
-2.1605260372
-2.4232633114
-2.4211726189
-2.5928547382
-2.4424657822
-2.6640172005
-2.6250076294
-2.9424619675
-2.7643156052
-2.7602028847
-2.5081722736
-2.4418222904
-2.5887575150
-2.6909747124
-2.6348557472
-2.5750041008
-3.0141313076
-2.1497004032
-2.8728513718
-2.9298067093
-2.7321717739
-2.6516604424
-2.4673037529
-2.5624608994
-2.6044030190
-2.4746046066
-2.5713744164
-2.4130735397
-2.4655549526
-2.4952790737
-2.4701464176
-2.5167105198
-2.5336015224
-2.2829821110
-2.4401550293
-2.9214627743
-2.6881065369
-2.4439105988
-2.6414589882
-2.5822489262
-2.7298846245
-3.1662492752
-2.9947285652
-2.6236701012
-2.6624639034
-2.4237401485
-2.9918937683
-2.7822024822
-2.6860749722
-2.9839427471
-2.7028479576
-2.5958442688
-2.6233432293
-2.7566120625
-2.7318010330
-2.9962131977
-2.8496630192
-2.7529051304
-2.4901590347
-2.3687477112
-2.4803912640
-2.6376371384
-2.3356275558
-2.4971652031
-2.5883090496
-2.5670258999
-2.6960780621
-2.7669847012
-2.4036898613
-2.9708132744
-2.2317647934
-2.6427867413
-2.9621300697
-2.6237487793
-3.0439863205
-2.8448691368
-2.6091520786
-2.8149530888
-2.8665883541
-2.8180336952
-2.7779517174
-2.5854184628
-3.0032842159
-3.0313878059
-3.0628297329
-2.7919235229
-2.5138025284
-2.6374571323
-2.7214992046
-2.4626874924
-2.5571198463
-2.4160828590
-2.5710432529
-2.3769717216
-2.5648679733
-2.6753122807
-2.4022629261
-3.0010914803
-2.6332697868
-3.0754137039
-2.3870272636
-2.4484288692
-2.3251090050
-2.8988559246
-2.7527241707
-2.1914017200
-2.5993387699
-3.1644015312
-2.8839061260
-2.8976380825
-2.3990063667
-3.0322408676
-2.7560460567
-2.6835758686
-2.8413872719
-2.9016454220
-2.9142286777
-2.6542828083
-2.4163937569
-2.5325827599
-2.4996676445
-2.6882829666
-2.9607586861
-2.9206266403
-2.4941761494
-2.3429186344
-2.5660386086
-2.3310313225
-2.6942579746
-2.3166372776
-2.5198235512
-2.4504182339
-2.6556932926
-2.3867034912
-1.6343874931
-2.4463832378
-2.1364107132
-2.3193469048
-2.1359419823
-2.2278490067
-1.9569890499
-2.2930057049
-2.9235806465
-2.9199590683
-2.8574819565
-2.7621076107
-2.8359601498
-2.6227586269
-2.8700890541
-2.9210221767
-2.5606493950
-2.7316069603
-2.9687843323
-2.7077195644
-3.0130169392
-2.9894726276
-2.7612512112
-2.9306695461
-2.8036363125
-2.9965541363
-2.6744732857
-2.5677027702
-2.6368064880
-3.0341694355
-2.9203107357
-3.0110590458
-2.6297059059
-2.6318447590
-2.4504160881
-2.9392373562
-2.8103692532
-2.5650701523
-2.9887413979
-3.1282427311
-3.0480630398
-2.5819439888
-2.4511871338
-2.6507310867
-2.9362893105
-3.1344540119
-2.2486367226
-2.7595469952
-2.5721194744
-2.6278333664
-2.3696782589
-3.1118013859
-2.5745108128
-2.8481533527
-2.5868513584
-2.8043224812
-2.6869516373
-3.0080630779
-2.3560004234
-2.7949578762
-2.4697380066
-2.6454341412
-2.3131358624
-2.6205892563
-2.4350340366
-2.3221611977
-2.7717041969
-2.8370823860
-2.9882073402
-3.1186437607
-2.7645504475
-2.9441721439
-2.7028324604
-2.9289231300
-2.7982125282
-2.7721517086
-2.9436459541
-2.5156888962
-2.5510497093
-2.6045351028
-2.8886008263
-2.6249325275
-2.5558571815
-2.6755208969
-2.5005793571
-2.6230053902
-2.9960896969
-3.0583827496
-2.9164903164
-2.8049128056
-2.2682609558
-2.5290315151
-2.9077305794
-2.9746043682
-2.4898450375
-2.6436262131
-2.6122789383
-2.4357557297
-2.5670788288
-2.9401309490
-2.9077138901
-2.9191999435
-2.5513331890
-2.6172063351
-2.6976885796
-2.7279286385
-2.6424322128
-2.9546320438
-3.0209784508
-2.4341022968
-2.6206345558
-2.4272513390
-2.4156746864
-2.8572964668
-2.8273961544
-2.4608879089
-2.8185629845
-2.6290385723
-2.5536737442
-2.4211549759
-2.8143594265
-2.8255505562
-2.5134758949
-2.6588768959
-2.8666727543
-2.7453260422
-2.9911608696
-3.1015474796
-2.8052637577
-3.0102860928
-2.8439130783
-2.9370129108
-2.5801305771
-3.0858502388
-2.3443362713
-2.9020500183
-2.2423434258
-2.4198794365
-2.8488345146
-3.0760967731
-2.8076264858
-2.8846743107
-2.8547830582
-2.6791737080
-3.1396238804
-2.4946737289
-2.5297617912
-2.9093713760
-3.1058781147
-2.4692251682
-2.5421137810
-2.3227536678
-2.4060211182
-2.8269565105
-2.8292868137
-2.9770388603
-2.3641433716
-2.6672925949
-2.8126673698
-2.5884530544
-2.9374222755
-2.5639429092
-3.0599946976
-2.6455805302
-2.2627496719
-2.2095816135
-2.6691589355
-2.8380448818
-2.8529355526
-2.6107778549
-2.3653733730
-2.5411198139
-2.5251426697
-2.7909839153
-3.1522257328
-2.5035405159
-2.9124274254
-3.0859720707
-3.0723416805
-2.6511628628
-2.6802217960
-2.8365800381
-2.9415445328
-3.0714623928
-2.9621424675
-2.3697276115
-2.6789464951
-2.7141275406
-2.8064279556
-2.3372845650
-2.4512379169
-2.6069796085
-2.3560750484
-2.4268805981
-2.5767698288
-2.9333493710
-2.4540495872
-2.7686231136
-2.6515238285
-2.6326329708
-2.9041986465
-2.5340855122
-2.3779487610
-2.5849483013
-2.8053841591
-2.7445867062
-2.7424213886
-2.9050765038
-2.7095067501
-2.2710461617
-3.1109914780
-2.9133696556
-2.7805521488
-2.7518963814
-2.3742260933
-2.9028208256
-2.5544199944
-2.6660804749
-2.4809074402
-2.5650725365
-2.6087491512
-2.8721575737
-2.9728875160
-2.7868855000
-2.4821333885
-3.0338504314
-2.9518396854
-2.8712003231
-2.3623812199
-2.5699687004
-2.6465239525
-2.5439414978
-2.4399838448
-2.5195729733
-2.8622648716
-3.0435557365
-2.8416628838
-2.5539422035
-2.5441346169
-2.4691336155
-2.5869653225
-2.3836452961
-2.3806385994
-2.1998100281
-2.6226119995
-2.2833445072
-2.2847981453
-3.1876225471
-2.7040464878
-2.6368992329
-2.4617793560
-2.5064930916
-2.3785135746
-2.7306313515
-2.9648783207
-2.9319353104
-2.6236593723
-2.9317996502
-2.5324552059
-2.6033701897
-2.5750379562
-2.5788667202
-2.7514472008
-2.5985696316
-2.5093069077
-2.7262930870
-2.5411634445
-2.3026800156
-2.3406329155
-2.7638623714
-2.8025815487
-2.4983019829
-2.6095578671
-2.2434701920
-2.5346941948
-2.3131422997
-2.7222850323
-2.9277977943
-2.5875859261
-2.9907972813
-2.3655803204
-2.7694256306
-2.7299904823
-2.4392373562
-2.7008171082
-2.6980106831
-2.5446968079
-2.5602617264
-2.5176723003
-2.8870844841
-2.8345234394
-2.6517186165
-2.5079603195
-2.6123747826
-2.9403436184
-3.0145716667
-2.7657971382
-3.0191655159
-2.9057519436
-2.9184365273
-2.2285923958
-2.6694347858
-3.0948407650
-2.7464165688
-2.9055676460
-3.1098756790
-2.6516549587
-2.3510525227
-2.5739293098
-2.5444798470
-2.7076151371
-2.3237507343
-2.7695131302
-2.5195837021
-2.8098802567
-3.0326848030
-3.0527043343
-2.3018715382
-2.7463877201
-2.7156236172
-2.5710237026
-2.2500250340
-2.4405410290
-2.7801911831
-2.9156529903
-2.7406010628
-2.4976773262
-2.4581980705
-2.5550875664
-2.7449491024
-2.5829820633
-2.9966053963
-2.6510376930
-2.9934146404
-3.0049862862
-2.5725631714
-2.5552949905
-2.6736180782
-2.5813097954
-3.0169599056
-2.4749982357
-2.4274771214
-2.7357881069
-2.3090996742
-2.4441742897
-2.0368440151
-2.7812216282
-2.7499768734
-2.8558323383
-2.6610732079
-2.9662885666
-2.8670322895
-2.8904097080
-2.7757031918
-2.4235494137
-2.7924101353
-2.2162187099
-2.5515947342
-2.4970541000
-2.8257012367
-2.8394458294
-2.9150083065
-2.4209055901
-2.7631306648
-2.6168365479
-2.5385396481
-2.5038607121
-2.4216279984
-2.3278245926
-2.9936728477
-2.8658800125
-2.8172936440
-2.3924231529
-2.4080469608
-2.4990146160
-2.6609051228
-2.6209704876
-2.7022345066
-2.6290864944
-2.5643565655
-2.9957873821
-2.4556431770
-2.9631166458
-2.7860424519
-2.8266754150
-2.8409421444
-2.7166099548
-2.4803609848
-2.6053290367
-2.8532168865
-2.8136482239
-2.8801913261
-2.8272435665
-2.6623003483
-2.8234763145
-2.8684773445
-2.9259867668
-2.6702909470
-2.7150435448
-2.7966847420
-3.0542268753
-2.4639954567
-2.5515973568
-2.7840435505
-3.1223764420
-2.8400957584
-2.6733984947
-2.6099448204
-2.3256559372
-2.5270135403
-2.5468270779
-2.5019090176
-2.9941914082
-2.5199742317
-2.8190557957
-2.4592149258
-2.6403779984
-2.5548439026
-2.8637616634
-2.8337533474
-2.5530724525
-2.7365622520
-2.4226033688
-2.5222096443
-2.5026767254
-2.5192375183
-2.5121548176
-2.5106294155
-2.9213716984
-3.0382466316
-2.7549183369
-2.8744180202
-2.7268571854
-2.5894742012
-2.5621237755
-2.4196116924
-2.7749104500
-2.7987952232
-2.9493429661
-2.9335293770
-2.8880679607
-2.5591387749
-2.5601370335
-2.5065274239
-2.3075337410
-2.9361865520
-2.7138290405
-2.6968028545
-2.7665848732
-3.0175154209
-2.9315304756
-2.9282863140
-2.1967606544
-2.6136598587
-2.6060171127
-2.6039974689
-2.5836491585
-2.0800747871
-2.4713773727
-2.7186179161
-2.4991607666
-2.8955700397
-2.9568033218
-2.5702154636
-2.7308883667
-2.6709811687
-2.5928544998
-2.6917996407
-2.6839928627
-2.8104720116
-3.0562961102
-2.5843060017
-2.9933216572
-2.7707552910
-2.7937066555
-2.4433012009
-2.7665455341
-2.3473944664
-2.7261021137
-2.5881922245
-2.3045325279
-2.8043329716
-2.7905912399
-2.4132144451
-2.5382318497
-2.9572339058
-2.9274911880
-2.5640077591
-2.6411900520
-2.5440866947
-2.5125341415
-2.9801824093
-2.7067537308
-2.9522640705
-2.2961392403
-2.4816546440
-2.4285826683
-2.5832302570
-2.4964449406
-2.5696196556
-2.8018300533
-2.6672232151
-2.4689991474
-2.6844248772
-2.5882976055
-3.0588033199
-3.0248081684
-2.8382952213
-2.2708609104
-2.6620907784
-3.1052360535
-2.4140307903
-2.6882147789
-2.6730229855
-2.8551793098
-2.9789328575
-2.9845774174
-2.9124073982
-2.8477871418
-2.6713409424
-3.0132865906
-2.8733961582
-2.1419956684
-2.8442051411
-2.6811380386
-2.7464137077
-2.2176575661
-2.8886866570
-2.8218870163
-2.6176977158
-2.4476625919
-2.4699020386
-2.6010904312
-2.5008409023
-2.4149322510
-2.3765931129
-2.4789364338
-2.5157854557
-2.2111725807
-2.2491171360
-2.1155645847
-2.6134946346
-2.5037660599
-2.3737895489
-2.7577338219
-2.7214646339
-2.6176438332
-3.0268850327
-2.7794899940
-3.0903193951
-2.8511495590
-2.4464497566
-3.0534563065
-2.6909887791
-2.9026548862
-2.9404993057
-2.8631320000
-2.5807287693
-2.6262288094
-2.6448788643
-2.8573961258
-2.9989266396
-2.3454766273
-2.5469090939
-2.5370779037
-2.8624989986
-2.9927546978
-2.5316882133
-2.6396698952
-2.7019701004
-2.5614306927
-2.4698994160
-2.6245310307
-2.8742933273
-2.9259591103
-2.8402540684
-2.9259381294
-2.6133401394
-2.9197223186
-2.7703487873
-3.0173377991
-2.5510401726
-2.0924680233
-2.3728704453
-2.2913181782
-1.9205741882
-2.0086908340
-2.4267277718
-2.8671114445
-2.6349980831
-2.6059222221
-2.9144439697
-2.3897726536
-2.6271884441
-2.0278630257
-3.1018993855
-2.8303613663
-2.5449285507
-2.8605546951
-2.2859036922
-2.7763142586
-2.5001237392
-2.6229133606
-2.6615719795
-2.6731150150
-2.8791813850
-2.5766561031
-2.5863070488
-3.0456023216
-2.7057561874
-2.6927142143
-2.8033916950
-2.1936788559
-2.8281149864
-2.7931878567
-2.3773405552
-2.8085627556
-2.7460596561
-2.8610634804
-2.9243123531
-2.7506864071
-3.0232603550
-2.7867395878
-2.6530356407
-2.5574340820
-2.9361441135
-2.6050271988
-2.5405874252
-2.2652523518
-2.6575798988
-3.0293655396
-2.4087026119
-2.9144287109
-2.6109843254
-2.5847859383
-2.8969035149
-2.7785086632
-2.2639770508
-2.9037680626
-2.6321425438
-2.6580519676
-2.8238694668
-2.2638916969
-2.3775999546
-2.5161767006
-2.4762232304
-2.5066087246
-2.9783823490
-3.0773966312
-2.2567973137
-2.6881260872
-2.4686670303
-2.9020533562
-2.9686954021
-2.5723981857
-2.5898091793
-2.4859156609
-2.4247291088
-2.3303163052
-2.7668879032
-2.7303647995
-3.0100603104
-2.9715464115
-2.9394383430
-2.5397508144
-2.9348597527
-2.6035218239
-3.1052336693
-2.8859529495
-2.9112410545
-2.9729385376
-2.4500975609
-2.8349690437
-2.7468655109
-3.1412920952
-2.9916510582
-2.3440132141
-2.8118886948
-3.0021233559
-2.5331177711
-2.4302096367
-2.8266263008
-2.8923006058
-2.8598539829
-2.9119181633
-2.8419342041
-2.7860758305
-2.7229249477
-2.6395261288
-2.7997472286
-2.7671613693
-2.7187635899
-2.7142665386
-3.0015459061
-2.5661544800
-2.3951649666
-2.6863896847
-2.9193911552
-2.5945801735
-2.3973073959
-2.6190693378
-3.0034570694
-2.9457497597
-2.5764536858
-2.6394662857
-2.6141419411
-2.3032147884
-2.4511256218
-2.6329066753
-2.7486701012
-2.7889170647
-2.5938532352
-2.4814832211
-2.5003232956
-2.3251650333
-2.4499228001
-2.3081181049
-2.6671755314
-2.6633455753
-2.6589071751
-2.5133371353
-2.8060536385
-2.5984921455
-2.4318983555
-2.9231607914
-2.7733919621
-3.0157546997
-2.5286977291
-2.4203653336
-2.8900918961
-2.6790337563
-2.7059779167
-2.6199274063
-2.7013421059
-2.5340132713
-2.8251805305
-2.3953702450
-2.5512518883
-2.5481171608
-2.7437722683
-2.7184286118
-2.5776152611
-2.9644448757
-3.0092036724
-2.3474726677
-2.9018073082
-2.4854006767
-2.6486222744
-2.4376490116
-2.4198412895
-2.5175681114
-2.9571506977
-2.6890943050
-2.6616861820
-2.9482684135
-2.7266764641
-2.2521066666
-2.3799242973
-2.2190234661
-2.0211012363
-1.5998841524
-2.3030922413
-2.3599359989
-2.2851705551
-2.9144198895
-2.8619723320
-2.8638062477
-3.0051636696
-2.6423077583
-2.4992814064
-2.3216433525
-2.0211153030
-2.0798578262
-2.2874569893
-2.6163315773
-2.5424330235
-2.8341507912
-2.6243531704
-3.0803904533
-3.0751814842
-3.0995597839
-2.5700612068
-2.9706573486
-2.7469086647
-2.8192555904
-2.9649503231
-2.9478850365
-2.5857701302
-2.3806748390
-2.4038233757
-2.8855690956
-2.8635907173
-2.7654109001
-2.8363811970
-2.6941566467
-2.6609086990
-2.6532516479
-2.3357019424
-2.9265177250
-2.7501575947
-2.8995933533
-2.6686956882
-2.7419581413
-2.4108026028
-2.8151364326
-2.6400709152
-2.2831363678
-2.1125676632
-2.6705954075
-2.6603894234
-2.8212339878
-2.9048526287
-2.9889178276
-2.6219477654
-2.4466485977
-2.9119415283
-2.8850150108
-2.4781756401
-2.6760632992
-2.6418187618
-2.9056780338
-2.8534779549
-2.9022932053
-2.6656584740
-3.0558187962
-2.6399068832
-2.6404461861
-2.4830420017
-2.8903379440
-3.0573449135
-3.1373071671
-2.3919947147
-2.5494349003
-2.7944231033
-3.0063624382
-2.5710718632
-2.7571864128
-2.2999331951
-2.8436784744
-2.1700181961
-2.7268724442
-2.7607336044
-2.5008397102
-2.5149831772
-2.9162538052
-2.8398547173
-2.8219227791
-2.3066997528
-2.4426190853
-2.4823784828
-2.6653976440
-2.4495894909
-2.5444345474
-2.4540488720
-2.4784569740
-2.5749344826
-2.5842728615
-2.5068826675
-2.9397473335
-2.9196462631
-3.0080554485
-2.7462999821
-2.8799073696
-2.8268010616
-2.5715093613
-2.7075512409
-2.8413522243
-2.8544261456
-2.6231865883
-2.8254656792
-2.4046025276
-2.2358489037
-2.5214490891
-2.6389670372
-2.9860942364
-2.8746263981
-3.0036923885
-2.9494311810
-2.8145952225
-2.6804440022
-2.6343247890
-2.7709519863
-2.8232176304
-2.6691944599
-2.7199351788
-2.3183112144
-2.3570101261
-2.8577780724
-2.3205258846
-2.6387660503
-2.3979046345
-2.9421944618
-2.7742018700
-2.8673996925
-2.3479192257
-2.3994679451
-2.2317647934
-2.4404089451
-2.4832150936
-2.3532345295
-2.4640574455
-2.3555798531
-2.4257249832
-2.4549489021
-2.3549127579
-2.6349585056
-2.4667246342
-2.6615712643
-2.9660267830
-2.8725645542
-3.0092527866
-2.8990194798
-2.8329424858
-2.9719526768
-2.8649864197
-2.9263229370
-2.9371721745
-2.9567475319
-2.6783025265
-2.7832145691
-2.6916515827
-2.6650414467
-2.5748846531
-2.7790896893
-2.5835554600
-3.0136287212
-2.3705012798
-2.7399144173
-2.5287573338
-2.6435332298
-3.0907754898
-2.8734021187
-2.7606909275
-2.9579827785
-2.7408270836
-2.8542773724
-2.7298994064
-2.4642908573
-2.6532819271
-2.4415750504
-2.8445990086
-2.6768014431
-2.7116637230
-2.9811592102
-2.9051680565
-2.8700528145
-2.9650571346
-2.8610196114
-2.7611417770
-2.8319091797
-2.4891951084
-2.6170022488
-2.8146224022
-2.7095777988
-2.6136033535
-2.3810813427
-2.5194878578
-2.6548819542
-2.7423982620
-2.7271754742
-2.8867344856
-2.8884141445
-2.7403423786
-2.9654526711
-2.8652112484
-3.1828753948
-2.9251980782
-2.7504019737
-3.1207189560
-3.0387206078
-2.9526762962
-2.7964248657
-2.5813410282
-2.6303696632
-2.7143194675
-2.9144177437
-2.8019320965
-2.4226820469
-2.8053991795
-2.7234926224
-2.9659309387
-2.6209833622
-2.8218820095
-3.0533914566
-2.5337526798
-2.7970578671
-2.5269470215
-2.7034749985
-2.9085316658
-2.7519762516
-2.8123068810
-2.3900113106
-2.2466073036
-2.5435621738
-2.6931555271
-3.0212247372
-2.9487919807
-2.8603773117
-2.6856422424
-2.8502287865
-2.5058825016
-2.5035693645
-2.6671969891
-2.3442292213
-2.4707388878
-2.7310323715
-2.7097966671
-2.9447233677
-2.7354698181
-2.5551946163
-2.3309235573
-2.4840376377
-3.1071515083
-2.5112662315
-2.7922017574
-2.5657887459
-2.8279225826
-2.2687668800
-2.4321057796
-2.6170175076
-2.9700441360
-2.5533967018
-2.4831988811
-2.3426070213
-3.0394260883
-2.7424817085
-2.8521537781
-2.5742163658
-2.4335365295
-2.2564289570
-2.6332402229
-2.5376534462
-2.3826971054
-2.4824411869
-2.4524540901
-2.7884259224
-2.6083309650
-2.6691114902
-2.8847486973
-3.0051856041
-2.5445239544
-2.9366133213
-2.9389901161
-2.6392908096
-2.5414636135
-2.3018591404
-2.5192084312
-2.8144087791
-2.7429990768
-2.9351031780
-2.9007785320
-2.9586710930
-2.8875596523
-2.6256649494
-2.7403178215
-2.7023344040
-2.9170739651
-2.9887127876
-2.8193659782
-2.7852163315
-2.9200592041
-2.7414479256
-2.4428293705
-2.3676500320
-2.5910356045
-2.5127284527
-3.0933172703
-3.0211973190
-2.6865091324
-2.5706663132
-2.7158939838
-2.7744736671
-2.4350512028
-2.5119454861
-2.5869088173
-2.6912198067
-2.5758104324
-2.4402947426
-2.2996726036
-2.7618386745
-2.6443555355
-2.6050233841
-2.5353012085
-2.7485270500
-3.0159389973
-2.4343717098
-2.3269040585
-2.5077555180
-2.9360122681
-2.8138208389
-2.6742739677
-2.9468739033
-2.5874557495
-2.5594074726
-2.3715977669
-2.5955915451
-3.0097780228
-3.0468039513
-2.9643299580
-2.8402709961
-2.6696331501
-2.6401405334
-2.7788836956
-2.9812414646
-2.7151803970
-2.3617854118
-2.4553210735
-2.4252233505
-2.5358724594
-2.4284243584
-2.2756412029
-2.3970665932
-2.9469575882
-2.9385397434
-2.8590466976
-2.8771667480
-2.7850904465
-2.7375159264
-2.8364865780
-2.4917173386
-2.4770619869
-2.3891820908
-2.3943626881
-2.5096583366
-2.8339915276
-2.2744143009
-3.0173554420
-2.8905110359
-2.4211339951
-2.5409405231
-2.9379537106
-2.5847604275
-2.5969908237
-3.0303916931
-2.9285452366
-3.0288534164
-3.0102348328
-2.8411788940
-2.9033048153
-2.7208561897
-2.6833670139
-2.9001781940
-2.9830818176
-2.9379541874
-2.6925299168
-2.8147897720
-2.4040160179
-2.8086900711
-2.5592751503
-2.4898085594
-2.5387017727
-2.9636917114
-2.7413046360
-2.5051360130
-2.1902155876
-2.6796202660
-3.0320219994
-2.8551242352
-2.9156696796
-2.7239110470
-2.8237993717
-2.8592925072
-2.8358612061
-2.9155759811
-3.0991835594
-2.4964461327
-2.4003372192
-2.6098291874
-2.6430983543
-2.6615600586
-2.9561777115
-2.6301233768
-2.6961441040
-2.6485884190
-2.4848506451
-2.5916554928
-2.4474277496
-2.4400656223
-2.3224720955
-2.5048294067
-2.5135726929
-2.9554135799
-2.6354079247
-2.5442402363
-2.6123132706
-2.7330515385
-2.8365519047
-3.0037939548
-2.7562615871
-2.7908644676
-2.3013329506
-2.9851574898
-2.7984628677
-2.6656064987
-3.0293314457
-2.6558847427
-2.5363054276
-2.8156473637
-2.7787251472
-2.6633884907
-2.4561505318
-2.4913172722
-2.7581562996
-2.8400101662
-2.9330534935
-2.6916944981
-3.0988059044
-2.8459239006
-3.0415878296
-2.7398588657
-2.9172837734
-2.9779839516
-2.8283298016
-2.9480435848
-2.6812324524
-2.9053103924
-2.6092550755
-2.3715710640
-2.6476731300
-2.5522134304
-2.4806714058
-2.9405925274
-2.9272680283
-2.7791781425
-2.9692752361
-3.0214974880
-2.9542508125
-2.9787125587
-2.5545675755
-2.7060048580
-2.9087357521
-2.6874318123
-2.7057101727
-2.9532878399
-2.9001603127
-2.7052767277
-2.9785459042
-2.7197427750
-2.8188805580
-2.6249308586
-2.9125442505
-2.9615273476
-2.3144907951
-2.6502737999
-2.5722050667
-2.4822511673
-2.9061276913
-3.0350124836
-2.8435008526
-2.8978159428
-3.1652178764
-2.8163707256
-2.8586628437
-2.6608686447
-2.8902332783
-2.3444235325
-2.8631858826
-2.8768861294
-3.0080478191
-2.7609210014
-3.0084135532
-2.8877639771
-2.6256520748
-2.3956446648
-2.5733568668
-2.7496981621
-2.0764448643
-2.8697786331
-2.9853920937
-3.1046140194
-2.6384606361
-2.3157744408
-2.6056191921
-3.0694718361
-2.6235492229
-2.4360036850
-2.4095523357
-2.9511828423
-2.9447145462
-2.7025411129
-2.8603291512
-2.7000944614
-2.8562588692
-2.8215482235
-2.7506995201
-2.8529419899
-2.9550924301
-2.9798243046
-2.9476852417
-2.5863025188
-2.6431174278
-2.9147121906
-2.9468128681
-2.7968597412
-2.9123551846
-2.8481903076
-2.7518594265
-2.6751303673
-2.7488718033
-2.6420521736
-2.8127975464
-2.2834572792
-2.8656938076
-2.5184755325
-2.3260207176
-2.3444416523
-2.6172990799
-2.6867609024
-2.3348059654
-2.2634718418
-2.4690766335
-2.6511225700
-2.3750030994
-2.5181970596
-2.9699983597
-2.5625226498
-2.4658954144
-2.3871598244
-2.4120521545
-2.8269121647
-2.7505342960
-2.9243471622
-2.6494932175
-2.9752759933
-2.7146108150
-2.5750708580
-2.4268569946
-2.9259784222
-2.7634871006
-2.7473688126
-2.7666754723
-2.6090617180
-2.3093068600
-2.6409471035
-3.0853450298
-2.9195566177
-3.1619246006
-2.6005215645
-2.8430721760
-2.7313914299
-2.7910344601
-2.9237048626
-2.8088014126
-2.9154739380
-2.6011495590
-2.5217869282
-2.7537777424
-2.7787282467
-2.8275427818
-3.0680384636
-2.9269752502
-3.0534756184
-2.5545856953
-2.6946606636
-2.4421975613
-2.7450397015
-2.6350412369
-2.8076131344
-2.9350063801
-2.4028897285
-2.4480903149
-2.5387508869
-2.9620220661
-2.5658090115
-2.6792311668
-2.4005050659
-2.3548495770
-2.3725106716
-2.3748877048
-2.7398335934
-3.0010809898
-2.9183325768
-2.6607987881
-2.8673772812
-2.7161543369
-2.5958383083
-2.5077328682
-2.5376818180
-2.5309519768
-2.6535782814
-2.5788547993
-2.6021039486
-2.4821276665
-2.8658318520
-2.7156698704
-2.7500560284
-2.6360447407
-2.6954550743
-2.8108215332
-2.7283778191
-2.7158410549
-2.8574984074
-2.6908864975
-2.9639549255
-3.0510458946
-2.6999325752
-2.7620272636
-2.3614091873
-2.1157116890
-2.7030134201
-2.8317289352
-2.7427897453
-3.1331746578
-3.1744074821
-2.8990178108
-2.5237452984
-2.2130837440
-2.5275113583
-2.4386055470
-2.7612912655
-2.3922047615
-2.6580569744
-2.5073955059
-2.9339380264
-2.7718136311
-2.4294700623
-2.6928660870
-3.0274252892
-2.4130041599
-2.5409414768
-2.5684373379
-2.8953568935
-2.4720621109
-2.5038328171
-2.7831110954
-2.8506078720
-2.5141866207
-2.6508686543
-2.5492491722
-3.0331685543
-2.7041103840
-2.9762039185
-2.6438102722
-2.5035376549
-2.6625154018
-2.5808508396
-2.4969193935
-2.5981943607
-2.9810929298
-2.5385193825
-2.5100843906
-3.0512793064
-2.4306814671
-2.6314074993
-2.3713719845
-2.2786917686
-2.7306277752
-2.6972465515
-3.0211834908
-2.4154565334
-2.6488485336
-2.3180239201
-2.8632562160
-2.4733488560
-2.3272325993
-2.6326699257
-2.8737535477
-2.4379484653
-2.9402108192
-2.6685743332
-2.5314812660
-2.6974263191
-2.4450826645
-2.6307904720
-2.9340741634
-2.6398870945
-2.6589086056
-2.5532526970
-2.4513375759
-2.3153254986
-2.4424102306
-2.4788038731
-2.4682068825
-2.6692450047
-2.8907365799
-2.9894785881
-2.9408869743
-2.8965883255
-2.6721098423
-2.6962556839
-2.6661107540
-2.4687826633
-2.6891207695
-2.8053131104
-2.8821463585
-2.8651006222
-2.4555842876
-2.7132456303
-2.4562222958
-2.5473229885
-2.6998596191
-2.6407175064
-2.6964161396
-2.7402601242
-2.6092534065
-2.9452357292
-3.0782313347
-2.5566041470
-2.9846899509
-2.7204453945
-2.9880876541
-2.9782114029
-3.0253438950
-3.1097502708
-2.6997637749
-2.5797681808
-2.8580720425
-2.7979872227
-2.8619499207
-2.7535722256
-2.4338352680
-2.4257018566
-2.5654399395
-2.5867819786
-2.9054043293
-2.5693974495
-2.5088038445
-2.9658670425
-2.7489976883
-2.6683251858
-2.8109421730
-2.7075178623
-3.0124499798
-2.3291554451
-2.2620961666
-2.6448445320
-2.4489099979
-2.3774855137
-2.6219635010
-2.6185662746
-2.7855813503
-3.0886201859
-2.5893349648
-2.5680563450
-2.5575528145
-2.5085258484
-2.3453252316
-2.6331739426
-2.8087935448
-2.5535571575
-2.6614799500
-3.0855097771
-2.8981716633
-2.5684840679
-2.9292848110
-2.4767384529
-2.5553834438
-2.9460394382
-2.8114650249
-2.4513816833
-2.3348269463
-2.7821743488
-2.5119984150
-2.8968312740
-3.1613121033
-2.4652101994
-2.7767395973
-2.8748407364
-2.8400142193
-2.6442468166
-2.4177303314
-2.6759619713
-2.6501526833
-2.4081296921
-2.9638724327
-2.6776208878
-2.6004614830
-2.7970094681
-2.8897256851
-2.6077005863
-2.4644052982
-3.0111718178
-2.8178892136
-3.0301370621
-3.0264716148
-2.2212355137
-2.3018040657
-2.5913698673
-2.6677029133
-2.9579877853
-2.6700468063
-2.1906542778
-2.6954877377
-2.6954877377
