-2.4578592777
-1.9222493172
-1.7943509817
-2.07989645
-2.5578935146
-2.1778829098
-2.368489027
-2.4978621006
-2.3881487846
-2.6664903164
-2.0290873051
-2.0161955357
-2.7117488384
-2.3775393963
-2.4548871517
-2.4840223789
-2.5376055241
-2.2640154362
-2.6311132908
-2.4496850967
-2.4185676575
-2.0590276718
-2.9328923225
-2.2659420967
-2.3584470749
-2.5223431587
-2.062826395
-2.3609163761
-1.9052494764
-2.0636434555
-1.6967054605
-2.2630767822
-2.4597051144
-2.3053576946
-2.6655790806
-2.228582859
-2.555308342
-2.4790911674
-2.2738490105
-2.401964426
-2.3509888649
-2.3644270897
-2.3608031273
-2.0994253159
-2.2427954674
-1.9437801838
-2.3712034225
-2.5326020718
-2.0292897224
-2.3599770069
-2.1794104576
-2.3152282238
-2.3206117153
-2.1759057045
-2.2882430553
-1.9484899044
-2.65701437
-2.3031084538
-2.183658123
-2.1824715137
-2.3032381535
-1.9944756031
-2.5562417507
-2.5902929306
-1.9238872528
-1.9644014835
-1.9990712404
-2.3834211826
-2.0714094639
-2.2518548965
-2.2804119587
-2.698611021
-2.3585276604
-2.3705325127
-2.0922129154
-2.0222666264
-2.1110417843
-2.0228216648
-2.3909192085
-2.475902319
-2.4834477901
-2.3842701912
-2.3126592636
-2.0896649361
-2.3560957909
-2.5752797127
-2.5317220688
-2.5931718349
-2.5749816895
-2.3494100571
-2.4697167873
-2.2061395645
-2.3993151188
-2.3566522598
-2.6233122349
-1.9064443111
-2.5340578556
-2.3964293003
-2.3342785835
-2.3293008804
-2.3412001133
-2.6517765522
-2.4503214359
-2.4266662598
-2.6194963455
-2.4147684574
-1.9814870358
-2.4811556339
-2.3976044655
-1.8942781687
-2.2893955708
-2.2826182842
-2.5338804722
-1.859193325
-1.7104036808
-2.4627087116
-1.9465764761
-2.0304303169
-2.560341835
-2.2506732941
-2.4925220013
-2.7127127647
-2.5088992119
-2.5354084969
-2.2437586784
-2.5029025078
-2.0938150883
-2.1317617893
-2.17922616
-1.6042886972
-1.9958424568
-2.0690057278
-2.5984475613
-2.385807991
-2.1596825123
-2.2690658569
-2.5363526344
-2.4566383362
-2.4153048992
-2.5945408344
-2.1101500988
-2.6900987625
-2.6118738651
-1.9150898457
-2.0846731663
-2.0142591
-1.873550415
-2.5019547939
-2.383815527
-2.3256962299
-2.2710311413
-2.293088913
-2.0796480179
-2.289801836
-2.4821031094
-2.2701728344
-2.1166546345
-2.5321230888
-2.4404053688
-2.3555834293
-2.3170630932
-2.3674337864
-2.0125455856
-2.5312922001
-2.4080498219
-2.0282509327
-2.1914072037
-2.2327575684
-2.2427995205
-2.5384111404
-2.5141198635
-1.7800186872
-2.172598362
-2.6457238197
-2.3103737831
-2.0561959743
-2.5725970268
-2.4624211788
-2.1902430058
-2.5172286034
-2.4220638275
-2.4711401463
-2.663790226
-2.2790007591
-2.3955626488
-2.2229371071
-2.5241537094
-2.2466313839
-1.9177856445
-2.4177923203
-2.5373206139
-2.1350469589
-2.3691260815
-2.1877090931
-2.1378834248
-2.0567955971
-2.0601511002
-2.2711820602
-2.0440502167
-2.2789621353
-2.1636049747
-2.5923490524
-1.9372003078
-2.3706262112
-2.4167916775
-2.0226330757
-2.371311903
-2.7621293068
-2.5601193905
-2.0322184563
-1.8860117197
-2.7018215656
-1.787496686
-2.3456525803
-2.6225574017
-2.2257807255
-2.2998273373
-2.3241961002
-2.3840484619
-1.9789141417
-2.1722633839
-2.1701464653
-2.2779116631
-2.6596586704
-2.2601830959
-2.2349648476
-2.0934560299
-2.1955566406
-1.9662232399
-2.2296886444
-2.1752343178
-2.2708432674
-2.0673730373
-2.5357336998
-1.8640768528
-2.090388298
-2.2903113365
-2.621771574
-1.9782669544
-1.8149939775
-2.0276095867
-2.0941872597
-2.1985394955
-2.1442162991
-2.2158610821
-2.3862836361
-2.2848126888
-2.0669431686
-2.1031422615
-1.9768885374
-2.3336713314
-2.4095392227
-2.3037819862
-2.3863177299
-2.3406186104
-2.3736131191
-2.390717268
-2.187677145
-2.2339735031
-2.7484323978
-2.8270761967
-2.5193507671
-2.2286231518
-2.166166544
-2.2293615341
-2.1625905037
-2.3105773926
-2.433586359
-2.3969957829
-2.4972023964
-2.4360160828
-2.6708161831
-2.2627942562
-2.2928984165
-2.362518549
-2.3315415382
-2.2410464287
-1.9852129221
-2.0808076859
-2.4023976326
-2.406075716
-2.146214962
-2.8068196774
-2.1976194382
-2.0763454437
-2.1731112003
-2.1442008018
-1.9876135588
-2.5049436092
-2.0309858322
-1.9191524982
-1.9046998024
-2.3600945473
-2.4005646706
-1.9262135029
-2.2643716335
-2.568936348
-2.2801890373
-2.0465009212
-2.4853146076
-2.654791832
-2.5083172321
-2.5284028053
-2.4633255005
-2.3855147362
-2.2236299515
-2.3930420876
-2.2594430447
-2.5016596317
-2.4018399715
-2.1080517769
-2.2710547447
-2.2431066036
-2.4333827496
-2.5688459873
-2.4760193825
-2.6688280106
-2.2263112068
-1.6315572262
-1.805950284
-2.1688439846
-2.2199113369
-2.4286446571
-2.69744277
-2.2832121849
-2.3311648369
-2.4058275223
-2.5116171837
-2.3042268753
-2.1250238419
-2.2294466496
-2.6021265984
-1.9313145876
-2.4241156578
-2.3932573795
-1.9957680702
-1.8493059874
-2.8123724461
-2.5498352051
-2.4202001095
-2.3920338154
-2.5608508587
-2.1512656212
-2.243727684
-2.2475631237
-2.4380719662
-2.3269853592
-2.1677367687
-2.116764307
-1.9256603718
-2.5622313023
-2.1010184288
-2.1521067619
-2.6832089424
-2.1401269436
-2.4938356876
-2.3171846867
-2.4559311867
-2.3060357571
-2.3996121883
-1.8565610647
-1.7740218639
-1.8343545198
-1.7264977694
-2.2377858162
-2.2303788662
-2.0794932842
-2.6832885742
-2.4970054626
-2.0396533012
-2.0917372704
-2.5791041851
-2.1412408352
-2.8681805134
-2.2321357727
-2.3229212761
-2.3019821644
-2.4460775852
-2.3507902622
-2.2255942822
-2.6389055252
-2.1234681606
-2.2109370232
-2.1806814671
-2.1564843655
-2.3552980423
-1.9969960451
-2.3461897373
-2.1899340153
-1.7446223497
-2.0152711868
-2.0618693829
-2.1509168148
-2.4411919117
-2.2310228348
-2.581225872
-2.3838844299
-2.233022213
-2.2330312729
-2.270203352
-2.4001669884
-2.3405270576
-2.2901341915
-2.3067016602
-2.5171170235
-2.4771535397
-2.1790642738
-2.4477474689
-2.6787567139
-2.3428096771
-2.3163375854
-2.2254872322
-2.4101467133
-2.3941679001
-2.2212512493
-1.9805870056
-1.8302041292
-2.1180877686
-2.5473022461
-2.4586172104
-2.3140859604
-2.3363370895
-2.5108091831
-2.1617166996
-2.3856258392
-2.2696874142
-2.2777833939
-2.3601539135
-2.2727291584
-2.4475727081
-1.8372535706
-1.9442677498
-2.3900289536
-2.3470609188
-2.3265545368
-2.5240132809
-2.2748942375
-2.4411725998
-2.2885737419
-1.9770754576
-1.8327733278
-1.7700645924
-2.1702203751
-2.3615460396
-2.4981389046
-2.3365569115
-2.0705182552
-2.5015759468
-2.7443213463
-2.4279301167
-2.1220076084
-2.7392575741
-2.3827562332
-2.6028592587
-2.124778986
-2.1651334763
-2.6110143661
-2.4323859215
-2.3608841896
-2.22651577
-2.6199758053
-2.3808915615
-2.539539814
-2.2593023777
-2.5041151047
-2.454403162
-2.2150042057
-2.4199912548
-2.3565590382
-2.1755194664
-1.7409374714
-2.0027971268
-2.4820730686
-2.2200808525
-2.2148299217
-2.4729952812
-2.0784370899
-2.4937694073
-2.3198075294
-1.9707380533
-2.209789753
-2.3707325459
-2.4089722633
-1.5930030346
-2.1192085743
-2.0966353416
-2.6198961735
-2.376142025
-2.6098327637
-2.6675906181
-2.7050998211
-2.3198087215
-2.276258707
-2.316249609
-2.5878119469
-2.3251795769
-2.2466289997
-2.1661996841
-2.0045034885
-2.5802760124
-2.3987345695
-2.605681181
-2.0312285423
-1.986187458
-2.5119936466
-2.3938081264
-1.7374564409
-2.2544641495
-2.4295942783
-2.2486283779
-2.1961975098
-2.1723229885
-2.4434409142
-2.4657657146
-2.3721001148
-2.1299033165
-2.4681916237
-2.4243803024
-2.3592047691
-2.1299138069
-2.3371851444
-2.1416995525
-2.3431997299
-1.8367379904
-2.0404853821
-2.1065969467
-2.1289598942
-2.3287496567
-2.1130962372
-2.2918598652
-1.9770706892
-2.3075122833
-2.0493416786
-1.6781117916
-2.1873381138
-1.9853229523
-2.2041592598
-2.540699482
-2.0829401016
-2.5532972813
-2.6724636555
-2.6404418945
-2.1184506416
-2.2233633995
-2.2112386227
-2.2125668526
-1.968739748
-2.275842905
-2.4540302753
-2.3756394386
-2.2671647072
-2.6239066124
-2.566306591
-2.082154274
-2.3628971577
-2.5837020874
-2.0988862514
-2.1853144169
-2.3270978928
-2.3505828381
-2.0161237717
-2.104134798
-2.2293024063
-2.0513586998
-2.1134972572
-1.9828410149
-2.0207562447
-1.6875844002
-2.0845451355
-2.1620042324
-2.9238471985
-2.3894541264
-2.1850678921
-2.0769879818
-2.4276795387
-2.2992398739
-2.7082443237
-2.0847535133
-2.3267247677
-2.4848890305
-2.4514524937
-2.9700162411
-2.3104243279
-2.4274098873
-2.3542208672
-2.2921094894
-2.2860856056
-2.0893034935
-2.0501990318
-2.5055196285
-2.3336708546
-2.0575940609
-2.172796011
-2.3091814518
-2.0090141296
-2.2222628593
-2.202974081
-2.160099268
-2.3889374733
-2.2982888222
-2.2068121433
-2.1880636215
-2.4661383629
-2.2906677723
-2.6365115643
-2.3258776665
-1.9502710104
-2.4246957302
-2.4370727539
-2.6345505714
-2.3079996109
-2.4476895332
-2.6293346882
-2.1992738247
-1.967889905
-2.19185853
-2.1458055973
-2.4125540257
-2.5213148594
-2.1562080383
-2.4863722324
-2.1499109268
-2.1558756828
-2.4340105057
-2.1406075954
-2.2488777637
-2.3785231113
-2.0661582947
-1.9729835987
-2.2850995064
-2.6418509483
-2.47250247
-2.4749403
-2.2899696827
-2.6366159916
-2.3152084351
-2.0442814827
-1.9358177185
-2.2257268429
-2.3582181931
-2.4292490482
-2.3672194481
-2.2670502663
-2.1297752857
-2.4149539471
-2.8068351746
-2.3728737831
-2.5273742676
-2.2132079601
-2.6400196552
-2.2319483757
-2.1448283195
-2.1774828434
-2.2406115532
-2.2172365189
-2.4570765495
-2.2056982517
-2.3876187801
-2.4398384094
-2.6941642761
-2.3161346912
-2.0168390274
-2.0787358284
-2.6556286812
-2.0071444511
-2.4912238121
-2.4322457314
-2.4848341942
-1.9020302296
-2.2025289536
-2.0736651421
-2.5070929527
-2.2907583714
-2.5638346672
-2.2701497078
-2.0960490704
-2.3519175053
-2.1498558521
-2.4302277565
-2.4658927917
-2.5088398457
-1.9417792559
-2.4540216923
-2.4735751152
-2.1151995659
-2.3727574348
-2.0592713356
-2.2456274033
-1.9811866283
-1.7543358803
-2.2066960335
-2.5020551682
-2.2435231209
-2.3144118786
-2.5092577934
-2.9235067368
-2.5399503708
-2.2724497318
-1.9329460859
-2.4086797237
-2.3308649063
-2.542447567
-2.4387433529
-2.5042042732
-2.3307390213
-2.1102571487
-2.421844244
-2.6826052666
-2.4136915207
-2.5001707077
-2.3556783199
-2.2402498722
-2.3011016846
-2.2371079922
-2.5316832066
-2.5605676174
-2.3842060566
-2.4631979465
-2.5735242367
-2.3663146496
-2.2189233303
-1.9065933228
-2.0212438107
-1.911944747
-2.4467265606
-2.3935658932
-2.3519518375
-2.4361417294
-2.0430181026
-2.2931103706
-2.4373311996
-2.2907936573
-2.5899500847
-2.2347948551
-2.458845377
-2.4480702877
-2.1464021206
-1.8582651615
-2.4492399693
-2.2581963539
-1.9278229475
-2.1118211746
-2.4126038551
-2.1032586098
-2.2101080418
-2.2431092262
-2.4122242928
-2.4142165184
-2.4765090942
-2.3903517723
-2.4203901291
-2.4537117481
-2.0535957813
-2.118067503
-2.0275819302
-2.1298289299
-2.6004710197
-2.2576136589
-2.3841121197
-2.2700083256
-2.1030604839
-1.9388515949
-1.932050705
-2.1447730064
-1.933178544
-1.8210003376
-2.2655608654
-2.4730732441
-2.4339737892
-2.7547388077
-2.4787640572
-2.0131645203
-2.0212583542
-1.4537893534
-1.5837275982
-2.1833631992
-2.0270557404
-2.1017098427
-2.2544038296
-2.1071248055
-2.239027977
-2.0940260887
-2.2247509956
-2.362680912
-1.7597534657
-2.5442705154
-2.3905603886
-2.2031943798
-2.5391771793
-2.5693583488
-2.4359641075
-2.2979097366
-2.3494539261
-2.0726077557
-2.2900831699
-2.3049719334
-2.4274508953
-2.1352922916
-2.2071425915
-1.9743959904
-1.9043701887
-1.879145503
-2.5560736656
-2.3272233009
-1.8940823078
-2.4390041828
-2.1923646927
-2.4128336906
-2.1697807312
-2.2131640911
-2.3601686954
-2.4791989326
-2.2237946987
-2.5085287094
-2.0650305748
-2.0206975937
-1.8527306318
-1.5392518044
-1.7027462721
-2.4162230492
-2.3430235386
-2.6038453579
-2.4416596889
-2.2071847916
-2.2466266155
-2.3797564507
-2.3683135509
-2.2861590385
-2.3802886009
-2.3702421188
-2.4032673836
-2.1372182369
-2.3399603367
-2.500483036
-2.1334519386
-2.6259031296
-2.1845231056
-2.2612454891
-2.4006581306
-2.0165102482
-2.1882109642
-2.4594972134
-2.4494276047
-2.607003212
-2.6126022339
-1.7192019224
-2.0850439072
-2.0543205738
-2.3888959885
-2.0300881863
-2.3287212849
-2.3893446922
-2.3811132908
-2.7651143074
-2.4878821373
-2.3124120235
-2.2002952099
-2.4060952663
-2.5372188091
-2.2282383442
-2.4383497238
-2.3192391396
-2.1061840057
-2.4591317177
-2.5994801521
-2.2286028862
-2.4590463638
-2.4941563606
-2.172504425
-2.3918726444
-2.0448260307
-2.3215329647
-2.2601289749
-2.3775320053
-2.2514863014
-2.4856562614
-2.1849386692
-2.0355911255
-2.4901089668
-1.985607028
-2.3264741898
-2.3407101631
-2.2163145542
-2.4049227238
-2.490363121
-2.405923605
-2.3634562492
-2.4786190987
-2.0304200649
-2.3684589863
-2.3705103397
-1.9445627928
-2.3389391899
-2.0084636211
-2.2932727337
-1.7579802275
-1.7223753929
-2.1255414486
-1.7237178087
-2.0583422184
-1.0555685759
-1.1311831474
-2.1976017952
-2.3143434525
-2.3706624508
-2.317155838
-2.5127170086
-1.7725994587
-2.2155323029
-2.3076062202
-2.4053499699
-2.4833323956
-2.5238161087
-2.0387547016
-2.0853042603
-2.2899603844
-2.4844677448
-2.287873745
-2.4237999916
-2.4102540016
-2.2489638329
-2.5675890446
-2.4216043949
-2.231490612
-2.4816484451
-2.0630521774
-2.2312371731
-2.3032567501
-2.0582604408
-1.8544402122
-2.3358311653
-2.3640706539
-2.4524838924
-2.1591897011
-2.516274929
-2.5375568867
-2.1880068779
-2.4607243538
-2.3158228397
-2.2587742805
-2.3715338707
-2.4913306236
-2.4095654488
-2.606831789
-2.2521762848
-2.1730394363
-2.3279166222
-1.8970452547
-2.300424099
-2.4465863705
-2.1669094563
-2.0712170601
-1.8077299595
-2.4539399147
-2.0194296837
-2.1663594246
-1.55829072
-1.5005719662
-1.6402332783
-2.31077075
-2.7029280663
-2.4048712254
-1.9250391722
-2.3153662682
-2.6568541527
-2.5255241394
-2.0669569969
-2.1308693886
-1.7510575056
-2.3654756546
-2.7907252312
-2.4129323959
-1.7862155437
-2.2746660709
-1.7539868355
-2.4392957687
-2.5030887127
-2.1962091923
-2.311716795
-2.0887799263
-2.2772758007
-2.0705695152
-2.4126601219
-2.2269468307
-1.9282728434
-2.3839609623
-2.2520852089
-1.9712500572
-1.7403594255
-1.9252815247
-2.4987535477
-2.1113371849
-2.5977780819
-2.2531638145
-2.4855673313
-2.3436131477
-2.4141340256
-2.4778659344
-2.3527212143
-2.2793984413
-2.2741110325
-2.2709543705
-1.9956823587
-2.5328140259
-2.5926551819
-2.1948897839
-2.1564843655
-2.3951826096
-2.2965259552
-2.4264950752
-2.1449627876
-2.3071978092
-2.2176542282
-2.4802269936
-2.0888435841
-1.7749345303
-2.3843646049
-2.1916546822
-2.2528738976
-2.3905789852
-2.5815393925
-2.4190957546
-1.9650630951
-2.34953475
-2.1605732441
-2.2736473083
-2.2725756168
-2.2924997807
-2.2976045609
-2.369330883
-2.2743330002
-2.3568229675
-2.3656761646
-2.1975743771
-2.4045464993
-2.3060014248
-2.3282988071
-2.0502717495
-2.3870325089
-2.2507166862
-1.758036375
-2.1629405022
-2.2615501881
-2.271135807
-2.0073144436
-2.4531342983
-2.2686157227
-2.2861785889
-2.2250871658
-2.3089585304
-2.5104458332
-2.2007167339
-2.2091245651
-2.1531591415
-1.9423815012
-1.7146486044
-2.063657999
-2.0602338314
-1.8281830549
-1.9926197529
-2.3122389317
-2.5811345577
-2.6587674618
-2.5263638496
-2.6210386753
-2.2049942017
-2.3692042828
-2.3520605564
-2.2033524513
-2.7039723396
-2.2694737911
-2.3034758568
-1.9230701923
-2.2621593475
-2.1792752743
-1.765856266
-1.9762797356
-2.4483287334
-2.4219863415
-2.2045781612
-2.4918305874
-2.5502867699
-2.5241122246
-2.0822277069
-2.0779037476
-2.5899426937
-2.4498698711
-2.4237444401
-2.4092986584
-2.3681108952
-2.3055970669
-2.3959031105
-2.5608587265
-2.268930912
-2.1525762081
-2.6109974384
-2.2928111553
-2.3014447689
-2.366130352
-2.3174214363
-2.5858547688
-2.4515440464
-2.2615571022
-2.4320311546
-2.150513649
-2.5422403812
-2.2868118286
-2.529337883
-2.5394949913
-1.9024074078
-2.1861348152
-1.8174302578
-1.8441312313
-2.4279618263
-2.4368517399
-2.2838361263
-2.5238289833
-2.1164755821
-2.2507843971
-2.3618474007
-2.1810076237
-2.5831758976
-2.5293681622
-2.5580585003
-2.6502635479
-2.4258396626
-2.5751714706
-2.3885071278
-2.4094281197
-2.1513047218
-2.6293501854
-2.7242524624
-2.5456843376
-2.3677203655
-2.6143243313
-2.1925327778
-2.4726788998
-2.0364744663
-2.5015339851
-2.571158886
-2.2920441628
-2.2699275017
-2.6236104965
-2.2736654282
-2.2510938644
-2.5099110603
-2.5253911018
-2.4984259605
-2.4187026024
-2.2275395393
-1.7447923422
-2.0742576122
-2.3024067879
-2.140901804
-2.5588555336
-2.1195673943
-2.4378800392
-2.4774949551
-2.2684278488
-2.4056401253
-2.1174278259
-2.4649341106
-2.3333146572
-2.1762342453
-2.729449749
-2.1016335487
-2.5733926296
-2.4413909912
-2.1651575565
-2.1808011532
-1.9331418276
-2.0432369709
-2.3042759895
-2.3030793667
-2.2538208961
-1.7232187986
-2.3715484142
-2.1547944546
-1.9433854818
-2.1020975113
-2.2142226696
-2.5385127068
-1.8642545938
-2.2386381626
-2.7024359703
-2.1557109356
-2.6808230877
-2.3199007511
-2.2743008137
-2.4439716339
-2.1287748814
-2.3611488342
-2.3747677803
-2.4101190567
-2.4602656364
-2.0851335526
-2.4842119217
-2.3539113998
-2.4654576778
-2.4590032101
-2.9262845516
-2.2289340496
-2.5684523582
-2.3090722561
-2.5083112717
-2.2601461411
-2.4129202366
-2.5052087307
-1.8654284477
-2.237885952
-2.3409879208
-2.3315951824
-2.2143628597
-2.2194020748
-2.3998634815
-2.5229063034
-2.2870919704
-2.564614296
-2.5567319393
-2.2112290859
-2.218670845
-2.131616354
-2.1989495754
-2.3560051918
-2.719119072
-2.108392477
-1.9766280651
-2.2720859051
-2.1486668587
-2.6371486187
-1.9682676792
-2.1847584248
-2.2339060307
-2.2462661266
-2.6260416508
-2.2808625698
-2.6274969578
-1.317384243
-1.5282626152
-1.9124289751
-2.2154176235
-2.2276728153
-2.1040570736
-2.364913702
-2.0672109127
-2.3580317497
-2.5001721382
-2.0867972374
-2.5709071159
-2.3615429401
-2.1865198612
-2.2934625149
-2.3615419865
-2.4128930569
-2.4794006348
-2.6271409988
-2.4535069466
-2.4967756271
-2.1237056255
-1.7959810495
-2.0463309288
-2.4796688557
-2.4036920071
-2.3494603634
-1.8522318602
-1.6333148479
-2.2447082996
-2.3882021904
-2.2238867283
-2.7226159573
-2.3760828972
-2.4292578697
-1.8675729036
-1.8730735779
-1.9769445658
-2.0038459301
-2.2284593582
-2.3765370846
-2.314599514
-2.0842700005
-2.7305402756
-2.2518453598
-2.1719050407
-2.697170496
-2.3898406029
-1.974516511
-2.3127493858
-2.3127698898
-2.4626238346
-2.3646433353
-2.2798786163
-2.3827540874
-2.4285597801
-2.198777914
-2.2942025661
-2.432639122
-2.5980901718
-2.4161603451
-2.0020184517
-2.3858580589
-2.3476469517
-2.4690935612
-2.4307150841
-2.455291748
-2.0875406265
-2.4455776215
-2.1915113926
-2.1794455051
-2.5109810829
-2.1727051735
-2.3382058144
-2.4108169079
-2.3930470943
-2.2331316471
-2.3793792725
-2.3030183315
-2.1466162205
-2.2217507362
-2.4042291641
-2.1588761806
-2.4202210903
-2.1333386898
-2.0821506977
-2.6324937344
-2.0454492569
-2.0288858414
-2.3404488564
-2.300992012
-2.5211501122
-2.3691904545
-2.2936732769
-2.1312804222
-2.7541468143
-2.1321177483
-2.2072141171
-2.1916017532
-2.2726616859
-1.9037895203
-2.1939835548
-1.9782305956
-2.1612980366
-2.5683255196
-2.533059597
-3.120414257
-2.140889883
-2.2661366463
-2.317081213
-2.597802639
-2.2276687622
-2.2813332081
-2.1852402687
-2.2495779991
-2.0038964748
-2.4059672356
-2.3158972263
-2.9112811089
-2.1685626507
-2.3443567753
-1.7878159285
-2.294793129
-2.4019846916
-2.0443239212
-2.6619830132
-2.2287802696
-2.1085400581
-1.9833964109
-2.1665463448
-2.0960690975
-2.4750494957
-2.3692278862
-2.2527685165
-2.5014123917
-2.2158312798
-2.4242460728
-2.0002498627
-2.4693174362
-1.9883117676
-2.2414450645
-1.8845549822
-1.5921242237
-2.0050075054
-2.5455241203
-2.0537691116
-2.0318238735
-2.605093956
-2.6761636734
-2.5006947517
-2.6731505394
-2.7224795818
-2.5268120766
-2.2644693851
-2.4180305004
-2.0297889709
-2.1256320477
-2.1315464973
-2.1434531212
-2.1274232864
-2.5479109287
-2.2524693012
-2.4370770454
-1.5803399086
-1.8013085127
-2.2251405716
-2.5522460938
-2.2938959599
-2.3001799583
-2.3461604118
-2.2923145294
-2.5442242622
-2.366669178
-2.2749705315
-2.5925292969
-2.1029176712
-1.9348366261
-1.9072734118
-2.6703169346
-2.3073430061
-2.4053089619
-2.3362715244
-2.4380655289
-2.3786549568
-2.3680207729
-2.5767583847
-2.3819856644
-2.10516119
-2.7471373081
-2.3541219234
-2.124753952
-1.72191751
-2.1589109898
-2.7748789787
-2.2112259865
-2.0195760727
-2.0775520802
-2.0991296768
-2.4006066322
-2.2908229828
-2.583673954
-2.4476547241
-2.2343714237
-2.1015648842
-2.5657038689
-2.3165698051
-2.1538851261
-2.3036227226
-2.5060260296
-2.2870280743
-2.4393854141
-1.9431209564
-2.1158897877
-2.3132326603
-2.0906400681
-2.6044766903
-2.2768046856
-2.3248441219
-2.4975609779
-2.6699039936
-2.1623983383
-2.1018130779
-2.1920905113
-2.1684875488
-2.1774671078
-2.4248671532
-2.3631010056
-2.3396687508
-1.8339295387
-1.7480918169
-2.2725358009
-1.5835539103
-2.2416028976
-2.4897675514
-2.6034193039
-2.3337378502
-2.270471096
-2.3892171383
-2.3201818466
-2.218123436
-2.3995871544
-2.5120403767
-2.1345438957
-2.6670649052
-2.0392730236
-2.3528134823
-2.3022465706
-2.4251763821
-1.6290017366
-2.2252092361
-2.1685676575
-1.8193122149
-1.8239643574
-2.0358822346
-2.0187547207
-2.3243794441
-2.432384491
-2.3545472622
-2.0181667805
-2.0218832493
-2.5936801434
-2.1820344925
-2.2494013309
-2.4836070538
-2.3650493622
-2.4512593746
-2.0610756874
-2.3952612877
-2.2431969643
-2.1518368721
-2.545044899
-1.9642671347
-2.385974884
-2.0620012283
-2.0420343876
-2.360912323
-2.201441288
-2.5184297562
-2.5436666012
-2.3037400246
-2.2621541023
-1.6911898851
-1.9027093649
-2.1025047302
-1.9536610842
-2.2327394485
-2.4463732243
-2.299488306
-2.5635995865
-2.2742934227
-2.4106488228
-1.9068796635
-2.3528459072
-1.9324291945
-2.0120272636
-2.1603057384
-2.2641301155
-2.2186012268
-1.5318894386
-1.9849894047
-2.2064857483
-1.7521235943
-2.4538123608
-2.1550486088
-2.131834507
-2.404045105
-2.5595469475
-2.4545664787
-2.3648774624
-2.2968063354
-1.88745296
-1.9508458376
-1.7991572618
-1.8310816288
-2.185447216
-2.3059351444
-2.2175664902
-2.3951494694
-2.1577153206
-2.1126098633
-2.5373928547
-2.2401854992
-2.4735832214
-2.4480443001
-2.3512780666
-2.1534225941
-2.2341036797
-2.596963644
-2.7653844357
-2.0213189125
-2.4155378342
-2.9768724442
-2.278832674
-1.9324675798
-2.4201779366
-2.745578289
-2.0339076519
-2.3757209778
-2.2685921192
-2.1484262943
-2.2212884426
-1.9451743364
-2.2345228195
-2.7879257202
-2.410974741
-2.4749860764
-2.5221636295
-2.5070548058
-2.4906949997
-2.4385523796
-2.4534265995
-1.8567707539
-2.3729650974
-2.4669594765
-2.2948555946
-2.5175094604
-2.4098005295
-2.4072563648
-2.3197138309
-2.4647166729
-2.3361525536
-2.42233181
-2.1071214676
-2.0835840702
-2.4705684185
-2.4265925884
-2.7483789921
-1.9956479073
-2.2344408035
-2.579182148
-2.0787069798
-2.3421845436
-2.603754282
-2.4878957272
-2.2873029709
-2.2701478004
-2.0386068821
-2.2867145538
-2.2234067917
-2.457593441
-2.2490255833
-1.8844733238
-2.389854908
-2.1714172363
-2.3302092552
-2.2700581551
-2.2270302773
-2.4917356968
-2.2884926796
-2.4933333397
-2.059425354
-2.3003234863
-2.6019308567
-2.3108229637
-2.4623701572
-2.5868449211
-2.4051890373
-2.1705868244
-2.1963675022
-2.3164744377
-2.3071846962
-1.867844224
-2.1794228554
-2.0821390152
-2.3177237511
-2.7842040062
-2.5808615685
-2.4352858067
-2.4785172939
-1.751301527
-1.7946331501
-2.2341749668
-2.1140174866
-2.1766192913
-2.4234185219
-2.5042498112
-2.4313528538
-2.1346461773
-1.9741542339
-1.9503440857
-2.2689361572
-2.5272908211
-2.4406132698
-2.9725012779
-2.4550466537
-2.0230145454
-1.9175970554
-2.44307971
-2.3634467125
-2.7170648575
-2.4496059418
-2.1043887138
-1.8952076435
-2.1517825127
-1.92910707
-2.2480738163
-1.9528918266
-1.9339684248
-2.3319041729
-2.8761267662
-2.0067522526
-1.8989596367
-2.6453857422
-2.5141134262
-2.4070956707
-2.4167201519
-2.4811944962
-2.451169014
-2.3031334877
-2.3694996834
-2.4151239395
-2.4455971718
-2.2637040615
-2.0122253895
-2.1395318508
-2.0833244324
-2.3730173111
-2.4698221684
-2.4151625633
-2.1716046333
-2.6040790081
-2.6267347336
-2.5396535397
-2.8101696968
-2.5350191593
-2.4016902447
-2.5068871975
-2.1247911453
-2.2351007462
-2.3643341064
-2.4901220798
-2.2368507385
-2.5098314285
-2.3814532757
-1.7826673985
-2.471193552
-2.1165847778
-2.5485856533
-2.4026176929
-2.1393167973
-2.1633276939
-2.7675309181
-2.4507060051
-2.317054987
-2.4013490677
-2.3903467655
-2.5426824093
-2.3364500999
-2.3845365047
-2.1636083126
-2.4409291744
-2.2360873222
-1.9232535362
-1.929047823
-1.8172440529
-1.827177763
-2.5040147305
-2.3066518307
-2.223035574
-2.4127089977
-2.3139212132
-2.5210413933
-2.6283345222
-2.4497792721
-2.2428472042
-1.9494324923
-2.2764086723
-2.5659282207
-2.4371311665
-2.097823143
-2.3980028629
-2.0668408871
-2.4593467712
-1.5184448957
-1.9415253401
-2.0166430473
-1.4899823666
-1.8703612089
-1.7665721178
-1.8313616514
-2.0149946213
-2.139313221
-2.3065729141
-2.0215864182
-2.1370756626
-2.0438725948
-2.3744678497
-2.4411654472
-2.4607858658
-2.6064851284
-2.5990357399
-2.1465351582
-2.3367943764
-2.3798952103
-2.2599825859
-1.8712360859
-1.9040052891
-2.5169551373
-2.1454126835
-2.1645185947
-2.2629759312
-1.9811278582
-1.9400305748
-2.100048542
-1.7323365211
-2.0665762424
-1.953531146
-2.0197954178
-1.7178922892
-2.1662125587
-2.3174538612
-2.3306951523
-2.5740203857
-2.2569799423
-2.6725811958
-2.3980903625
-3.0211586952
-2.4746587276
-2.432207346
-2.4498744011
-2.4434309006
-2.4418039322
-2.3801977634
-2.4102444649
-2.0032234192
-1.6987961531
-2.1244096756
-1.8317325115
-2.3556213379
-2.2871787548
-2.2999424934
-2.6208040714
-2.0184559822
-2.8119719028
-2.2197446823
-2.427475214
-2.3978309631
-2.4205102921
-2.3486573696
-2.107912302
-2.5527076721
-2.4934396744
-1.5748254061
-2.3054134846
-2.4912707806
-2.3484544754
-2.8044075966
-2.4455499649
-2.8424601555
-2.7708563805
-2.4873781204
-2.1913511753
-2.2052576542
-2.2996387482
-1.9311970472
-2.0288565159
-2.4882175922
-2.4993069172
-1.9284822941
-2.328537941
-2.1068201065
-2.5005090237
-2.0287022591
-2.0498433113
-1.4874501228
-2.2375969887
-2.373197794
-2.2384309769
-2.1926445961
-2.3103749752
-2.743616581
-2.835495472
-2.4294734001
-2.238863945
-2.5500822067
-2.0428335667
-1.8852045536
-1.8839240074
-2.4640753269
-2.4601578712
-2.3554394245
-2.2572567463
-2.3622612953
-2.2222559452
-2.3487935066
-2.79423666
-2.4152395725
-2.4309263229
-2.3238475323
-2.1438808441
-2.3179090023
-2.6949169636
-2.2758786678
-2.5164577961
-2.3394875526
-2.4174928665
-1.743246913
-1.9492683411
-2.0775952339
-1.7935907841
-2.0128731728
-2.1218414307
-1.9290841818
-2.1911840439
-2.1867361069
-2.4885346889
-1.5703625679
-2.1703054905
-2.2768301964
-2.1214139462
-2.1974542141
-2.5047807693
-2.3538496494
-2.3121321201
-2.4225413799
-2.1577570438
-2.5166079998
-2.3390021324
-2.2430512905
-2.472055912
-2.0177724361
-2.1325216293
-1.9743247032
-2.1499447823
-2.4720015526
-2.2263503075
-2.4771761894
-2.247317791
-2.2142627239
-2.4182794094
-2.3809924126
-2.1322307587
-2.4382529259
-2.5973205566
-2.0295495987
-2.0179619789
-2.1557385921
-2.0712091923
-2.5116922855
-2.3096468449
-2.4986023903
-2.8171756268
-1.9994323254
-1.7633759975
-1.4401048422
-2.2081942558
-2.07701087
-2.0020246506
-2.337023735
-2.4906110764
-1.9540753365
-2.3877675533
-2.468719244
-1.7802700996
-2.0795896053
-1.8432338238
-1.9613952637
-2.5314984322
-2.3938601017
-2.4137780666
-2.0661425591
-2.5306286812
-2.2469716072
-2.8220710754
-2.4647526741
-2.3633108139
-2.3888390064
-2.1826798916
-2.4429364204
-2.3630399704
-2.4480090141
-2.3382718563
-2.0011057854
-2.1093401909
-1.7095427513
-2.2892413139
-2.121992588
-1.956936717
-2.0982871056
-1.9210847616
-2.2140567303
-2.4436888695
-2.0510246754
-2.3185808659
-2.1054294109
-2.4106359482
-2.3236181736
-2.5840022564
-2.3063509464
-2.4399573803
-2.2096581459
-2.558842659
-2.3244318962
-2.1789464951
-2.1223547459
-2.4419183731
-2.5946171284
-1.876172781
-2.3515572548
-2.2681677341
-2.2462165356
-2.5803887844
-2.2589383125
-2.4522480965
-2.4749536514
-2.5138278008
-2.1329700947
-2.3770411015
-2.1808180809
-2.3554196358
-2.2922544479
-2.3988027573
-2.7385210991
-2.041533947
-2.3908338547
-2.0836510658
-1.8496649265
-2.0784420967
-2.4363908768
-1.7942208052
-2.0448675156
-2.1493017673
-2.289457798
-1.7892861366
-2.0019123554
-2.1362745762
-2.5128619671
-2.4737057686
-2.3336443901
-2.3844752312
-2.4478580952
-2.4620833397
-2.148042202
-2.2997095585
-2.3375349045
-2.178331852
-2.0172495842
-2.5643529892
-1.953743577
-2.1267895699
-2.5206339359
-2.3130478859
-2.2295749187
-2.4647545815
-2.2338445187
-2.2908060551
-2.6355054379
-2.2371251583
-2.5975339413
-1.9152442217
-2.2423963547
-2.4224283695
-2.4313838482
-2.4635548592
-2.1267595291
-2.0541961193
-2.2405266762
-2.2583498955
-1.858757019
-2.1084253788
-2.2354502678
-2.4817466736
-1.9028458595
-2.2717587948
-2.2441129684
-2.4712512493
-2.4223315716
-2.2970967293
-2.3115622997
-2.4053497314
-2.53520298
-2.0028486252
-2.2879927158
-2.0309050083
-2.5298781395
-2.4159045219
-2.3310236931
-2.2308011055
-2.3492014408
-2.4439287186
-2.5444819927
-2.4201979637
-2.6854829788
-2.4621086121
-2.016793251
-2.1607706547
-2.4220352173
-2.6599302292
-2.0316519737
-2.4038238525
-2.4992418289
-2.016254425
-2.4458870888
-2.3982195854
-2.1868643761
-2.5650258064
-2.5944619179
-2.511947155
-2.3293759823
-2.2155320644
-2.4582605362
-2.6949205399
-2.6257977486
-2.7017161846
-2.303753376
-2.1692979336
-2.318559885
-2.2406620979
-2.2919149399
-2.0024321079
-2.4566497803
-2.9088613987
-2.3095591068
-2.3370788097
-2.3426527977
-2.2861452103
-2.3003423214
-2.3460054398
-2.108063221
-1.8060147762
-1.9812912941
-1.9588065147
-2.0196764469
-2.205365181
-2.220238924
-2.2804093361
-2.5323946476
-2.4180226326
-2.3581225872
-2.2312333584
-2.2034087181
-2.3461885452
-2.2795808315
-2.2424268723
-2.428129673
-2.1918215752
-2.1129012108
-2.4528241158
-2.6462442875
-2.5510411263
-2.3366141319
-2.136070013
-2.4578592777
-2.311975956
-2.2989859581
-2.358632803
-2.1071844101
-2.2240839005
-2.1132233143
-2.4770011902
-2.0278031826
-2.6321153641
-2.6750998497
-2.3471508026
-2.4312310219
-1.9865094423
-2.0680000782
-2.0988416672
-1.775416255
-1.8584891558
-2.2757906914
-1.7981383801
-2.1781499386
-1.6700797081
-1.9187738895
-2.3889732361
-2.0272088051
-2.5646176338
-2.0106508732
-2.1096494198
-2.1420841217
-2.3423261642
-2.4838285446
-2.7462580204
-2.4645476341
-2.6310071945
-2.4627547264
-2.2091066837
-2.1296570301
-1.8972350359
-2.1634616852
-2.5684711933
-2.0583691597
-2.5598769188
-2.3761219978
-2.2207679749
-2.126529932
-2.3125014305
-2.0753788948
-2.2602725029
-2.1669640541
-2.5054705143
-1.8489903212
-1.520840168
-2.1596288681
-2.0464529991
-1.8843390942
-2.2227594852
-2.5012817383
-2.3574519157
-2.1669743061
-1.8671746254
-2.4456944466
-2.4652593136
-2.0968444347
-2.6500513554
-2.5448160172
-2.406566143
-2.2116250992
-2.1938893795
-1.9597079754
-2.039028883
-2.3837964535
-2.5983426571
-2.563141346
-1.4688823223
-2.0450117588
-2.2084481716
-2.6170866489
-2.0790212154
-2.2572245598
-2.4676206112
-2.4243130684
-2.0818021297
-1.9858071804
-3.0695290565
-2.3694252968
-2.5094761848
-2.3593993187
-2.0450496674
-2.333009243
-2.318823576
-2.3896129131
-2.346278429
-2.5020520687
-2.366335392
-2.4482603073
-2.0245509148
-2.5940992832
-2.3003690243
-2.5923428535
-2.6095378399
-2.2590179443
-2.4018747807
-2.4107282162
-2.5877332687
-2.1723668575
-2.0812969208
-2.1620709896
-2.0612511635
-2.2895183563
-2.2563350201
-2.2535567284
-2.3636991978
-2.2664732933
-2.3263292313
-1.9701201916
-2.0954093933
-2.0257298946
-2.4043252468
-2.2963533401
-2.5103750229
-2.3462095261
-2.2987964153
-2.6814739704
-2.138859272
-2.3504395485
-1.8937407732
-2.2994322777
-2.3187813759
-2.1793022156
-2.0645513535
-2.2569775581
-2.2087392807
-2.6069591045
-2.1750006676
-2.272110939
-2.486440897
-2.4041948318
-2.3146455288
-2.5085222721
-1.9921492338
-2.2372403145
-2.3685994148
-2.0712656975
-2.3959054947
-2.4120802879
-2.1910817623
-2.19105196
-2.555328846
-2.6201410294
-2.2668173313
-2.3356816769
-2.4057171345
-2.4224703312
-2.3617897034
-2.1013133526
-2.2943518162
-2.2772052288
-2.2971010208
-2.3961749077
-2.4645237923
-2.9096720219
-2.4772672653
-1.9887052774
-2.3055250645
-2.2435705662
-2.5638680458
-2.3463566303
-2.1657269001
-2.3990030289
-2.4385809898
-2.3882017136
-2.261302948
-2.4242711067
-2.1087994576
-1.9503461123
-2.0453634262
-1.6685276031
-1.9727101326
-1.8785494566
-1.1910120249
-1.6605731249
-1.1136844158
-1.177388072
-1.8426190615
-2.1759974957
-2.2586092949
-1.9213137627
-2.3742287159
-2.4658825397
-2.0526371002
-2.1650176048
-2.1778843403
-1.9259927273
-2.0823087692
-1.5418852568
-1.6011486053
-2.4518051147
-2.0998215675
-2.215118885
-2.3715009689
-2.5047049522
-2.535005331
-2.0996744633
-2.1951870918
-2.4618432522
-2.135020256
-2.4062001705
-2.7377114296
-2.1333088875
-2.6777842045
-2.3111236095
-2.326608181
-2.774671793
-2.3567345142
-2.3751904964
-2.5174703598
-2.2787456512
-2.4253349304
-2.8043775558
-2.9248299599
-1.9519661665
-1.7941954136
-2.0201025009
-1.9915225506
-1.9051562548
-2.3431386948
-2.2171387672
-2.3644433022
-1.8185813427
-2.4666395187
-2.066795826
-2.4127986431
-2.0692431927
-2.7275769711
-2.3768019676
-1.9883919954
-2.2187011242
-2.3162145615
-2.5639379025
-2.2420101166
-2.5023400784
-2.4990093708
-2.3036916256
-2.2981812954
-2.4366629124
-2.474793911
-2.1674427986
-2.1474044323
-2.009311676
-2.1921975613
-1.8104208708
-2.4341981411
-2.084528923
-1.9887123108
-2.2095758915
-2.4078173637
-2.1570611
-2.2328910828
-2.5214333534
-2.5975670815
-2.3511712551
-2.2446069717
-2.095685482
-2.1585040092
-2.1674273014
-2.4250543118
-2.5786247253
-2.1992657185
-2.3270998001
-2.4847521782
-2.4166092873
-2.3996486664
-2.298358202
-2.1999659538
-2.5170278549
-2.7870936394
-2.0853435993
-2.2289414406
-2.213247776
-2.7895736694
-2.4638822079
-2.1765906811
-2.3416750431
-1.6925311089
-2.2098476887
-1.9068262577
-2.1101796627
-2.0591201782
-1.7794346809
-2.1743664742
-2.236105442
-2.5506157875
-2.2538836002
-2.5131018162
-2.6520056725
-1.8401265144
-2.5964617729
-2.1973354816
-2.083411932
-2.211534977
-2.2353184223
-2.3010163307
-2.0388860703
-2.012912035
-1.533462286
-2.2749197483
-2.4535529613
-2.1398584843
-1.9776438475
-2.3633875847
-2.19358778
-2.2260560989
-2.3188230991
-2.3039813042
-2.3938896656
-2.0224394798
-1.8832335472
-2.5039801598
-2.4663052559
-2.3314535618
-2.4601285458
-2.4014520645
-2.1931855679
-2.3896021843
-1.7543010712
-2.3531951904
-2.2792341709
-2.4057779312
-2.6055510044
-2.1300718784
-1.8036371469
-2.7647817135
-2.4742395878
-1.8934745789
-2.3404927254
-2.1913545132
-2.1828272343
-2.3890168667
-2.2333319187
-2.1804430485
-2.3824427128
-2.396709919
-2.3596699238
-2.4416246414
-2.1327271461
-1.6520450115
-2.044731617
-2.3242754936
-2.1306385994
-2.2055151463
-2.2720155716
-2.5449342728
-2.1310632229
-2.3769929409
-1.9279879332
-2.5614836216
-2.4371194839
-2.3320937157
-2.1051638126
-2.5308923721
-2.4962637424
-1.9723446369
-2.1937930584
-2.6674692631
-2.3994174004
-2.0440530777
-2.2240715027
-1.859338522
-2.4015011787
-2.364405632
-2.7350282669
-1.8389384747
-2.722424984
-2.2812907696
-2.4615581036
-2.5013515949
-2.435406208
-2.3274621964
-1.7209255695
-2.032668829
-2.2715914249
-2.0587003231
-2.1074016094
-2.0107352734
-2.058198452
-1.7383882999
-1.7899888754
-1.5722248554
-2.0410027504
-2.2179193497
-2.3361258507
-2.1403183937
-2.0862612724
-2.4957766533
-2.3544416428
-2.3055100441
-2.3223974705
-2.5032293797
-2.3920214176
-2.3188521862
-2.4802489281
-2.6641964912
-1.8190277815
-2.1864523888
-2.2467157841
-2.0827407837
-2.2248802185
-2.4520902634
-2.0194373131
-2.4214413166
-2.3837754726
-2.1370990276
-2.2648262978
-2.1444735527
-2.0507142544
-2.0868368149
-2.2038340569
-2.8246333599
-2.238317728
-2.0296387672
-1.9061710835
-1.8753840923
-2.2696020603
-1.9227262735
-1.9970692396
-2.0546455383
-2.1182360649
-2.2512311935
-2.1713526249
-1.8329793215
-1.8503835201
-2.1955804825
-2.4208707809
-2.4922201633
-2.6312561035
-2.2319219112
-2.1460962296
-2.5957250595
-2.3075175285
-2.3098626137
-2.5016884804
-2.4660227299
-2.3541471958
-2.0296201706
-2.1622385979
-2.600165844
-2.4008882046
-2.1915421486
-2.5716981888
-1.9486095905
-2.5467410088
-2.1731932163
-2.3212366104
-2.465667963
-2.2083704472
-1.775108099
-1.6235727072
-1.7669155598
-2.1373665333
-2.2638337612
-1.7198941708
-2.0401875973
-2.0769069195
-1.8925851583
-1.6583492756
-2.0260808468
-2.6167912483
-2.5276169777
-2.0350859165
-2.3578426838
-2.5736057758
-2.3758440018
-2.4783215523
-2.7204358578
-2.1798193455
-2.0291154385
-1.8004390001
-1.6410610676
-1.7172663212
-1.6178207397
-1.614171505
-2.2607493401
-2.290170908
-1.9465934038
-1.9547680616
-1.8781222105
-2.0907068253
-2.4966099262
-2.2324414253
-2.8273153305
-2.3408129215
-2.1339902878
-2.1579475403
-2.5156412125
-2.2945501804
-2.3477911949
-2.4437484741
-2.6965355873
-1.8866770267
-1.8570940495
-1.8060590029
-1.4870043993
-1.6350706816
-1.9282433987
-2.116658926
-2.318114996
-2.2413864136
-2.3459191322
-2.0235414505
-2.1579527855
-2.0081079006
-1.6149185896
-2.120593071
-1.6929442883
-1.5911527872
-1.8555670977
-2.0234081745
-2.3156204224
-2.3208270073
-1.8800010681
-2.3689181805
-2.388201952
-2.2581646442
-2.2575755119
-2.4791414738
-2.4737730026
-2.4687068462
-2.3051407337
-2.5980665684
-2.6041426659
-2.4884305
-2.416615963
-2.5191915035
-2.7305846214
-2.1072487831
-2.1220741272
-1.796014905
-1.6444134712
-1.9397583008
-1.9754168987
-2.306637764
-2.1981139183
-1.8507260084
-1.8992387056
-2.0673964024
-2.3286170959
-2.3922843933
-2.3419249058
-2.0630807877
-2.2589228153
-2.6789815426
-1.9230180979
-2.3151659966
-2.5505213737
-2.0802900791
-2.0723814964
-2.2669112682
-2.5188817978
-2.4923269749
-2.4947576523
-2.0552129745
-1.9634115696
-2.3787875175
-2.0365862846
-2.6270251274
-2.6225857735
-2.4056019783
-2.108506918
-1.8825570345
-2.4996373653
-2.6517729759
-2.6051721573
-1.8432625532
-1.9533894062
-1.9322814941
-2.1812756062
-1.7949377298
-1.9185962677
-2.0182483196
-2.0389401913
-2.3026745319
-2.6094269753
-2.3413751125
-2.4919373989
-2.3240849972
-2.0843603611
-2.2242152691
-2.45566535
-2.5305557251
-2.6432619095
-2.2951188087
-2.3679440022
-2.2916531563
-2.2762951851
-2.3250713348
-2.409661293
-2.0913314819
-2.160656929
-2.6546440125
-2.2775456905
-1.896876812
-2.1530230045
-2.574955225
-2.5624856949
-2.5439348221
-2.4264674187
-2.064043045
-1.9164605141
-2.3545091152
-1.8551617861
-2.1817579269
-2.4917106628
-2.4668936729
-2.473764658
-2.3757801056
-2.0627281666
-2.2790148258
-2.4437146187
-2.1800107956
-2.2326543331
-2.5190832615
-2.34567523
-2.2860460281
-2.4895472527
-2.3522408009
-2.2066566944
-1.9150834084
-2.2390782833
-2.4344341755
-2.3148972988
-2.3086500168
-1.8419780731
-2.250146389
-2.4036939144
-2.5077488422
-2.1592915058
-2.5479943752
-2.5838017464
-2.2898991108
-2.5851759911
-2.4995574951
-2.4268369675
-2.7351460457
-2.4050364494
-2.7113776207
-2.1716141701
-2.1672437191
-2.2372624874
-2.3064258099
-2.476774931
-2.4610693455
-2.1108503342
-2.0957834721
-2.3560461998
-2.0794262886
-1.9828478098
-1.8978712559
-2.0068423748
-2.2035822868
-2.1408116817
-2.2175543308
-1.9923065901
-2.0301561356
-2.1484851837
-2.1484632492
-2.1922078133
-2.3100273609
-2.0312008858
-1.9797990322
-2.4811336994
-2.1518311501
-2.5156407356
-2.4048979282
-1.8971742392
-1.6979870796
-1.9602655172
-2.3313550949
-2.0729937553
-1.8316595554
-1.9694613218
-2.4412083626
-2.2649018764
-2.3991456032
-2.4905340672
-2.3346488476
-1.8846969604
-2.2480762005
-2.192677021
-2.3088407516
-2.4647078514
-1.8730934858
-2.1257326603
-2.5255522728
-2.3941104412
-2.4400467873
-2.4608018398
-2.0730700493
-2.4468386173
-1.9848498106
-2.0230631828
-2.3559930325
-2.1863720417
-2.2556765079
-2.5464322567
-2.1109378338
-2.3146319389
-2.437638998
-2.5002529621
-1.9727772474
-2.2711119652
-2.1652319431
-1.8660165071
-1.9430491924
-2.340741396
-2.1843233109
-2.2549002171
-2.1228971481
-2.244312048
-1.911686182
-2.2696211338
-2.0788805485
-1.6673834324
-2.1288843155
-2.372977972
-1.325930357
-1.7350261211
-2.1660516262
-2.1703131199
-2.5116701126
-2.5420072079
-2.1140985489
-2.4443275928
-2.3548624516
-2.2873966694
-2.0595936775
-1.9377219677
-1.7587852478
-2.4399676323
-2.3517210484
-1.9652360678
-2.1834375858
-2.1277635098
-2.7444117069
-2.70900774
-2.4791402817
-2.4170415401
-2.2481067181
-2.067710638
-2.3425323963
-2.1390855312
-2.0732185841
-2.6473660469
-2.2593951225
-2.4900538921
-2.2292757034
-2.1261453629
-2.6015968323
-2.436289072
-2.0418307781
-2.2774784565
-2.3585660458
-2.3708910942
-2.374484539
-2.3420071602
-2.7967145443
-2.5010514259
-2.4323954582
-2.0677313805
-1.9851682186
-1.7243130207
-1.8124756813
-2.0408494473
-1.8133322001
-2.4147005081
-1.7549802065
-2.2646276951
-2.3379130363
-2.1624948978
-2.5156495571
-2.187923193
-2.4374527931
-2.2316761017
-2.2735173702
-2.371922493
-2.2503268719
-2.2871282101
-2.0946958065
-2.4881474972
-2.5183804035
-2.1263971329
-2.1822886467
-2.4506893158
-2.2271776199
-2.2786211967
-2.400295496
-2.2778754234
-2.2477972507
-2.4334640503
-2.4141893387
-2.4832417965
-2.5200307369
-2.2676320076
-2.6168124676
-2.1621623039
-2.0756287575
-2.2215611935
-2.501352787
-2.781191349
-2.5762343407
-2.3485116959
-2.1959433556
-2.4724252224
-2.3060026169
-2.3176569939
-2.3328921795
-2.4900195599
-2.2833840847
-2.155569315
-2.2845263481
-2.1593573093
-2.5273404121
-2.5117750168
-2.3215582371
-2.2205033302
-2.2532253265
-2.1019685268
-2.1801469326
-2.5928499699
-2.2556874752
-2.5974161625
-2.5302023888
-2.2941148281
-2.2485818863
-2.3781518936
-2.5776190758
-2.3638823032
-2.3207175732
-2.0366437435
-2.2267313004
-2.4577367306
-2.7585971355
-2.0940065384
-2.4954161644
-1.9931869507
-2.060161829
-2.3601918221
-2.6875560284
-2.0344948769
-2.2620248795
-2.2633481026
-2.0070066452
-2.0852327347
-2.4090437889
-2.1238248348
-2.2487306595
-2.2346968651
-2.2220938206
-2.3682174683
-2.5532045364
-2.4895071983
-2.1867747307
-1.8658778667
-2.2033061981
-1.9931004047
-1.9976392984
-1.8788635731
-2.5161862373
-2.2087748051
-2.2249221802
-2.590310812
-2.2325468063
-2.0626065731
-2.1717951298
-2.6810417175
-2.7606737614
-2.2514841557
-2.1036183834
-2.399071455
-2.3285126686
-2.4145624638
-2.4060156345
-2.4497842789
-2.4997434616
-2.2850198746
-2.2342224121
-1.6315002441
-1.9131808281
-2.4688045979
-2.3379049301
-2.4594311714
-2.3091626167
-2.3491330147
-2.1143629551
-2.3676285744
-2.2361142635
-2.5874707699
-2.3758332729
-2.4192757607
-2.0321965218
-2.1390862465
-2.2315220833
-2.0320689678
-1.7938296795
-2.5997076035
-2.4285473824
-2.3332719803
-2.5144581795
-2.4271149635
-2.8991713524
-2.3444178104
-2.4903891087
-2.6343007088
-2.6254682541
-2.0129752159
-2.0795094967
-2.4113945961
-1.7845082283
-1.7158640623
-2.0410780907
-2.1867113113
-2.2295804024
-2.1384522915
-1.9755418301
-2.057103157
-2.6914927959
-2.3186841011
-2.3909502029
-2.4683325291
-2.226120472
-2.4866232872
-2.3139204979
-2.3134367466
-2.0813210011
-2.2651827335
-2.3169286251
-2.5569014549
-2.5448994637
-2.401927948
-2.3695516586
-2.1140058041
-2.3138673306
-2.1567544937
-2.6460735798
-2.5768427849
-2.3636450768
-2.7838387489
-2.497890234
-2.4809000492
-2.2621221542
-2.7027752399
-2.4777641296
-2.4090845585
-2.0759871006
-1.8214533329
-1.7445958853
-2.2065267563
-2.0719861984
-1.8514554501
-2.5056834221
-1.5531240702
-2.0942354202
-2.3611013889
-2.865593195
-2.5242059231
-2.0386559963
-2.3132269382
-2.1739723682
-2.6312623024
-2.3868010044
-2.192538023
-2.651838541
-2.2741136551
-1.9183533192
-2.3425180912
-2.1669421196
-2.183848381
-2.0697817802
-2.1625134945
-2.0862569809
-2.5632679462
-1.9361646175
-2.1383368969
-2.6033754349
-2.3877749443
-2.3341012001
-2.047232151
-2.0302741528
-2.3026440144
-2.394135952
-2.8178019524
-2.2515025139
-2.9261045456
-2.2222833633
-2.1129608154
-2.335211277
-2.5135781765
-2.3792614937
-2.5952177048
-2.3552680016
-1.9584826231
-2.3424253464
-2.3351430893
-2.2855103016
-2.5935411453
-2.3151769638
-2.4601695538
-2.6379649639
-2.0295317173
-2.1813120842
-1.4448133707
-1.9549770355
-2.12155509
-2.0966262817
-2.6199612617
-2.6576619148
-2.301897049
-1.7559844255
-2.1816256046
-2.1042962074
-1.8710688353
-2.0529279709
-1.6683199406
-1.7434163094
-1.8943260908
-1.5407583714
-1.5007538795
-1.8876099586
-2.1719620228
-2.3364982605
-1.9741783142
-2.4427404404
-2.449409008
-2.539567709
-2.3524436951
-2.4509220123
-2.1432294846
-2.2250909805
-2.2782959938
-2.2324178219
-2.3971438408
-2.7277269363
-2.380753994
-2.0714116096
-2.5379879475
-2.4660084248
-2.3627927303
-2.3892331123
-1.8576505184
-2.2668220997
-1.9941185713
-1.9852178097
-1.8763744831
-2.391728878
-2.1107797623
-2.387209177
-2.4030115604
-2.2245659828
-2.3906364441
-2.2837598324
-2.5906031132
-2.1904315948
-2.5209825039
-2.1751377583
-1.8240145445
-2.4599149227
-2.1932792664
-2.2433691025
-2.6422717571
-2.41229105
-2.2919549942
-2.4679276943
-1.64163661
-2.0946116447
-2.0629358292
-2.2544209957
-2.0752086639
-2.3511543274
-2.1908862591
-2.2706334591
-2.2258243561
-2.3620100021
-2.4593188763
-2.2446713448
-2.1463327408
-2.3414633274
-2.4176220894
-2.4267473221
-2.3608298302
-2.000975132
-2.4299347401
-2.5694909096
-2.5304231644
-2.1404893398
-2.3805172443
-2.0035176277
-2.5609271526
-2.1478655338
-2.4922993183
-2.1718399525
-2.4921433926
-2.4799551964
-2.3525223732
-2.6740248203
-2.0768949986
-2.1329219341
-1.7957370281
-2.9306161404
-2.6428539753
-2.293867588
-2.267185688
-2.3773365021
-2.4260210991
-2.6749510765
-2.3681211472
-2.0773625374
-2.292744875
-1.7777335644
-2.4949822426
-2.2907071114
-2.3376746178
-2.4632115364
-2.2665147781
-2.1209836006
-2.2258181572
-2.4095439911
-2.4700293541
-2.4224851131
-2.5062963963
-2.2620236874
-2.127355814
-2.2746737003
-2.4870028496
-2.2014594078
-2.5835828781
-2.2390511036
-2.3225195408
-2.1391694546
-2.2772653103
-2.2436921597
-2.1910998821
-2.480533123
-2.3736615181
-2.5782465935
-2.748046875
-2.2351238728
-2.1476588249
-2.2205035686
-2.3495104313
-2.4105687141
-1.9770604372
-2.5103161335
-2.4535906315
-2.318297863
-2.4085731506
-2.3077967167
-2.3581979275
-2.4874925613
-1.9100905657
-2.3725295067
-2.2893488407
-2.1721012592
-2.3558268547
-2.5100200176
-1.9250319004
-2.6211600304
-2.2561674118
-2.6952390671
-2.2000935078
-2.042399168
-2.1806302071
-2.5781960487
-2.4158117771
-2.5734350681
-1.9604456425
-1.6472994089
-2.0013861656
-1.3431845903
-2.0786430836
-2.0631844997
-1.4378623962
-1.7072631121
-1.8348814249
-1.9892120361
-1.9087700844
-2.5397212505
-2.1260762215
-2.3707513809
-2.3111591339
-2.1913371086
-2.049633503
-2.2414507866
-1.8448466063
-1.9857419729
-2.1152479649
-2.292740345
-2.4367325306
-2.117595911
-2.1070761681
-2.0522580147
-1.948702693
-2.0896770954
-2.5865514278
-2.3314931393
-2.2780268192
-2.1976208687
-2.5764985085
-2.3816761971
-2.404396534
-2.651825428
-2.376619339
-2.1618995667
-1.8802599907
-2.2431294918
-2.4430546761
-2.5620470047
-2.1155049801
-2.5733959675
-2.3641929626
-2.2445034981
-1.8008418083
-2.594807148
-2.4058089256
-2.2375388145
-2.6265330315
-2.2053151131
-2.3502745628
-2.6347029209
-2.0237691402
-2.0037474632
-2.529957056
-2.0581200123
-2.7260317802
-2.7027673721
-2.3112359047
-2.6389920712
-2.3701555729
-2.5414991379
-1.9103494883
-2.4542896748
-2.3516042233
-2.7668037415
-1.8755902052
-2.4922277927
-2.4062707424
-2.3516802788
-2.5226216316
-2.3384680748
-2.4610552788
-2.4362711906
-2.2853267193
-2.0647113323
-2.0151743889
-2.2272400856
-2.1124002934
-2.3692567348
-2.2711148262
-2.7213935852
-2.5498528481
-2.460457325
-2.3906605244
-2.1803455353
-2.3475551605
-1.8889508247
-1.8926217556
-1.6790127754
-2.2692582607
-2.0129506588
-2.2419855595
-2.4351694584
-2.4427392483
-2.4593639374
-2.4591813087
-1.6847699881
-2.2070856094
-2.2975008488
-2.2974984646
-2.505884409
-2.0122668743
-2.3199281693
-2.4465689659
-2.4486281872
-2.2181692123
-2.2030029297
-2.4354650974
-2.1611733437
-2.3314509392
-2.2846179008
-1.9268283844
-2.3785691261
-2.5775141716
-2.4146027565
-2.0323972702
-1.8962982893
-2.2511081696
-2.1068470478
-2.2239198685
-2.3491268158
-1.8926472664
-2.2432146072
-2.1806554794
-2.8060433865
-2.2832665443
-2.0789446831
-2.4207193851
-2.2240233421
-2.5429399014
-2.6968650818
-2.2123656273
-2.3684751987
-2.2060167789
-2.1359961033
-1.7564810514
-2.2396919727
-1.9900929928
-2.3445463181
-2.0313184261
-2.5447347164
-2.1780092716
-2.4090299606
-2.40625453
-2.4088983536
-2.266535759
-2.3320288658
-2.503455162
-2.2280359268
-2.2597668171
-2.3840074539
-2.3289833069
-2.4222056866
-2.1594538689
-2.3128888607
-2.2456920147
-2.371284008
-2.4009957314
-2.134547472
-2.3697686195
-2.7056651115
-2.536241293
-2.2380788326
-2.6671392918
-2.061896801
-2.6267063618
-2.439152956
-2.363837719
-2.2321465015
-2.2214307785
-2.1741998196
-2.3243830204
-2.7899756432
-2.3625955582
-2.8058812618
-2.3048436642
-2.3826634884
-2.3443841934
-2.5379970074
-2.3115301132
-2.2651894093
-2.2630574703
-1.9611798525
-2.330922842
-2.3528387547
-2.4086751938
-2.3338782787
-2.3107683659
-2.0748152733
-1.9561936855
-1.7167859077
-1.3927394152
-1.7405414581
-1.8739686012
-1.9779077768
-1.6046391726
-2.2924933434
-2.1412742138
-2.2371175289
-2.037705183
-1.9743727446
-2.2849776745
-2.4742791653
-2.2035572529
-2.2396953106
-2.3579041958
-2.4679732323
-2.2431190014
-2.3847947121
-2.1259317398
-2.5342292786
-2.1537568569
-2.3763849735
-2.3640179634
-2.5695147514
-2.3080353737
-2.1565856934
-2.5519282818
-2.4720535278
-2.0951714516
-2.1684577465
-1.8737337589
-2.2972743511
-2.4706220627
-2.5565533638
-2.2206459045
-1.9697372913
-2.1385040283
-2.4894812107
-2.511285305
-2.454764843
-2.136744976
-2.1382660866
-2.2726042271
-2.2228205204
-2.203802824
-2.1985685825
-2.4048998356
-2.3296198845
-2.313860178
-1.9682837725
-1.9991631508
-2.1296663284
-2.0360536575
-1.799018383
-1.9706840515
-2.3638546467
-2.1575472355
-2.3667516708
-2.1519212723
-1.9823482037
-2.3963227272
-2.2892529964
-2.2789158821
-1.9910877943
-2.4518527985
-2.2022433281
-2.4410443306
-2.9270234108
-2.2659742832
-2.057967186
-1.9082394838
-2.0519928932
-2.1333222389
-2.9497792721
-2.0500645638
-2.3124797344
-2.2543473244
-2.1156041622
-2.3722901344
-2.4932100773
-2.2516572475
-2.1262457371
-2.351534605
-2.0166285038
-2.6403946877
-2.7384386063
-2.2903864384
-2.5561709404
-2.4610033035
-2.3076384068
-2.3828158379
-2.1333773136
-1.9490915537
-2.2325336933
-2.1743421555
-2.641330719
-2.2721588612
-2.4028615952
-2.4363508224
-2.6034390926
-2.5138394833
-2.2179684639
-2.5436036587
-1.9021134377
-2.2143208981
-2.6089456081
-2.1309399605
-2.5011329651
-2.7288534641
-2.380412817
-2.4199442863
-2.5073804855
-2.6504504681
-2.1826124191
-2.2031440735
-2.2165238857
-2.681214571
-1.8902024031
-2.242402792
-2.5069932938
-1.7248432636
-1.9648787975
-2.342279911
-2.7445127964
-2.5479609966
-2.1977908611
-2.2736546993
-2.6459875107
-2.3586626053
-2.1353907585
-2.2195386887
-2.0784602165
-2.59486866
-2.4611883163
-1.9242047071
-2.4687407017
-2.0975718498
-2.3544459343
-2.0505032539
-2.2613022327
-2.154020071
-2.5046451092
-2.4263544083
-2.4661138058
-2.3842275143
-2.3905229568
-2.144411087
-2.7439689636
-2.5295724869
-2.147762537
-2.4215474129
-2.1326403618
-2.3990795612
-2.6590762138
-2.2798948288
-2.1473300457
-2.4202330112
-2.2931249142
-2.2562336922
-2.347452879
-2.5741693974
-2.1296088696
-2.3144669533
-2.6045689583
-2.3263669014
-2.1374208927
-2.3821661472
-2.4197747707
-2.3377850056
-2.2766153812
-2.3069605827
-2.6301679611
-2.0437159538
-1.8321750164
-2.4180111885
-2.221429348
-2.2493150234
-2.3573725224
-2.1885745525
-2.0528709888
-1.9719614983
-2.0823602676
-1.8505916595
-1.9213731289
-2.0358965397
-2.1136534214
-2.559073925
-2.2606940269
-1.9189485312
-2.1702036858
-1.8543061018
-1.8867528439
-2.2166733742
-2.3490011692
-2.2221925259
-2.2623460293
-1.8988978863
-2.4710428715
-2.1405699253
-2.4044752121
-2.287255764
-2.1811623573
-2.0319559574
-1.964779377
-2.4260780811
-2.3016574383
-1.9361379147
-2.2914977074
-2.108155489
-2.7456402779
-2.2550981045
-2.4083116055
-2.4888386726
-2.27120471
-2.2895021439
-2.6380076408
-2.4577643871
-2.3121566772
-2.2306323051
-2.2896161079
-2.1354198456
-2.1288926601
-2.2929842472
-1.8534779549
-2.2682065964
-2.0984320641
-2.22412467
-1.7785532475
-1.8892110586
-2.0022623539
-2.0263223648
-1.7404359579
-2.2082087994
-2.5403125286
-2.5038645267
-2.5771484375
-2.3469974995
-1.8089978695
-2.2736427784
-1.9796974659
-2.1639897823
-2.4219846725
-1.769590497
-2.3741493225
-2.635004282
-2.2660701275
-2.2569372654
-2.419770956
-2.3844783306
-2.3396062851
-2.4205391407
-2.0032510757
-1.736158967
-1.6685128212
-1.9425143003
-2.246694088
-2.0189409256
-2.3612532616
-2.1472158432
-1.8678798676
-1.8244628906
-2.2930614948
-2.0673229694
-2.0276710987
-2.1865549088
-1.7400444746
-2.2570729256
-2.2392148972
-2.4202532768
-1.4387228489
-2.1660676003
-2.0788772106
-2.4886622429
-2.3450341225
-2.5402553082
-2.4710907936
-2.0147404671
-1.7914983034
-2.1593978405
-2.0404560566
-2.3350522518
-2.0767397881
-2.4260976315
-2.6097242832
-2.2036166191
-2.1697132587
-2.3126978874
-2.2022893429
-2.3776333332
-2.3607435226
-2.2472662926
-2.1821477413
-2.3635749817
-2.1714396477
-2.2589597702
-2.2504384518
-2.5619778633
-1.9523514509
-2.5107383728
-2.0007300377
-2.4109354019
-2.3769879341
-2.2698955536
-2.3849759102
-2.4322781563
-2.4249482155
-2.925801754
-2.1265187263
-2.4242384434
-2.4504830837
-2.6317784786
-2.5179731846
-2.5102386475
-2.3469018936
-2.3728597164
-2.489259243
-2.3408663273
-2.3925662041
-2.6218512058
-2.0285379887
-1.905313015
-1.9590229988
-2.7028226852
-2.0293607712
-2.5142872334
-2.2230818272
-2.3416330814
-2.3709638119
-2.3369998932
-2.2115421295
-1.9951986074
-2.3370325565
-2.9365170002
-2.536605835
-2.2867436409
-2.5570988655
-2.3713984489
-2.2498724461
-2.357783556
-2.5913243294
-2.4189667702
-2.5034620762
-2.2164106369
-2.2376868725
-2.3295910358
-2.3109014034
-1.8773670197
-2.3720593452
-2.0357029438
-2.0600647926
-1.9815303087
-2.2777292728
-2.2069165707
-2.3438844681
-2.1866431236
-2.2035055161
-2.4027442932
-2.4543952942
-2.3564424515
-2.5398106575
-2.434879303
-2.6281297207
-2.4215240479
-2.6949086189
-2.416118145
-2.1630158424
-2.4964239597
-2.3758454323
-2.1126203537
-1.4574128389
-2.0965988636
-2.422119379
-2.2313754559
-2.2715864182
-2.3988733292
-2.5612370968
-2.2197668552
-2.292283535
-2.4932186604
-2.4015369415
-2.1957006454
-2.5796916485
-2.1199574471
-2.3417851925
-2.2924573421
-2.3093748093
-2.0605242252
-1.961792469
-2.1894392967
-1.946795702
-1.8527588844
-1.7447689772
-2.5146756172
-2.3069899082
-1.9419836998
-1.9062832594
-2.1177139282
-2.0032167435
-2.7236392498
-2.6017904282
-2.2141413689
-2.0697216988
-2.2516145706
-2.1009595394
-2.4135358334
-2.1949305534
-1.9580080509
-2.3484432697
-2.2620277405
-2.2858173847
-2.3913433552
-2.3917016983
-2.4427697659
-2.4191606045
-2.0629243851
-2.4258127213
-2.4593935013
-1.9570698738
-2.7379455566
-2.3872435093
-2.4746770859
-2.2306497097
-2.5825235844
-2.014923811
-2.7619094849
-2.0556464195
-2.3022682667
-2.547655344
-2.1592381001
-2.3547868729
-2.9257733822
-2.4160275459
-2.4582533836
-1.8929461241
-2.0682377815
-2.232853651
-1.8975529671
-2.2453577518
-2.3739359379
-2.4851176739
-1.9436372519
-2.5170667171
-2.1714942455
-2.4804599285
-2.6242799759
-2.4923095703
-2.1561305523
-1.65528512
-2.3050196171
-2.4553773403
-2.3274919987
-2.0662679672
-2.0870099068
-1.9010053873
-2.1395044327
-1.6184939146
-2.2330384254
-2.4094126225
-2.142236948
-2.4916875362
-2.9098651409
-2.5867342949
-2.4161334038
-2.1866612434
-2.3468649387
-2.0176897049
-1.7457070351
-1.7766352892
-1.9336031675
-1.8076719046
-2.1455972195
-2.183743
-2.4314217567
-1.9303277731
-2.3854203224
-2.2556796074
-1.9340970516
-2.2480964661
-2.0190150738
-2.2444748878
-2.2619719505
-2.1382894516
-2.1581835747
-2.1840181351
-2.6882207394
-2.5997674465
-2.8184366226
-2.7625083923
-2.233864069
-2.0201756954
-1.8727141619
-1.6496999264
-1.8231976032
-1.6844717264
-1.9230468273
-2.0241036415
-1.664072752
-1.9346313477
-2.4395303726
-2.3199408054
-2.3413100243
-2.4871637821
-2.383882761
-2.2241559029
-2.3638863564
-2.1501414776
-2.4452860355
-2.6436808109
-2.0987291336
-2.3262681961
-2.3028149605
-2.2772173882
-2.4036047459
-2.1510641575
-2.7611486912
-2.5839262009
-1.983219862
-2.3149104118
-2.4690563679
-2.3500497341
-2.3966655731
-2.1992633343
-2.6770310402
-2.6613264084
-2.7721524239
-2.3242647648
-2.0586762428
-2.6050999165
-2.4288294315
-2.4931218624
-2.379005909
-2.2146859169
-2.7461950779
-2.0644211769
-2.3539528847
-2.2573664188
-2.2849919796
-2.1019740105
-2.0803439617
-2.1574416161
-2.1622335911
-2.6710772514
-2.2179253101
-2.3278684616
-2.1645226479
-2.3164358139
-2.4183809757
-2.4578990936
-2.3975000381
-2.4632191658
-2.2659323215
-2.6786165237
-2.3613913059
-2.4078843594
-2.5984241962
-2.5455141068
-2.437640667
-2.396270752
-2.5683553219
-2.353202343
-2.0135700703
-2.5375089645
-2.2371156216
-2.0015192032
-2.2340579033
-2.3197889328
-2.5541729927
-2.1879761219
-2.0182788372
-2.2561740875
-2.0550932884
-2.204955101
-2.3908166885
-2.6352274418
-2.5714406967
-2.3054106236
-2.3833732605
-2.0940358639
-2.0135374069
-2.1961393356
-2.3889417648
-2.6626853943
-2.0449430943
-2.4869501591
-2.2026879787
-2.4244978428
-2.1456286907
-2.2409529686
-2.2647869587
-1.7377476692
-2.1980376244
-2.6861987114
-2.2812435627
-2.4227311611
-2.5238623619
-2.2420880795
-2.4699716568
-2.6484684944
-2.2792627811
-2.2420134544
-2.5509669781
-2.3099658489
-2.5578789711
-2.0511684418
-1.7351837158
-2.0220599174
-2.0207026005
-1.8691799641
-2.0351586342
-2.6755461693
-2.2504448891
-1.9243558645
-2.0784547329
-1.8582159281
-2.2368910313
-2.2310833931
-2.5845155716
-2.0892117023
-2.0476915836
-2.5826225281
-2.2807714939
-2.2166326046
-2.2095093727
-2.4139931202
-2.5279998779
-2.2341187
-2.2958199978
-2.0332262516
-2.6063423157
-2.5455667973
-2.3122951984
-2.8935155869
-2.4288764
-2.0515470505
-1.9289621115
-2.4485611916
-2.2713992596
-2.3783941269
-2.5553941727
-2.1850025654
-2.5046963692
-2.2979376316
-2.0693082809
-2.2820184231
-2.3320264816
-2.3887257576
-2.3425786495
-2.3278825283
-2.4657404423
-2.6582779884
-2.1266486645
-2.468726635
-2.2728512287
-2.2899267673
-2.2390100956
-2.1597905159
-1.9660553932
-2.0318710804
-2.381062746
-2.3802161217
-2.2230007648
-2.1269114017
-2.6924302578
-2.0587973595
-2.3224105835
-2.4896700382
-2.3399019241
-2.1209220886
-2.0564863682
-1.9749518633
-1.84001863
-2.1795022488
-1.9281922579
-2.2787358761
-2.6858410835
-2.1271257401
-1.9797291756
-2.5572638512
-2.1325032711
-2.2365152836
-2.2446036339
-2.413967371
-2.4183785915
-2.7193591595
-2.715231657
-2.5945765972
-2.53809762
-2.1137449741
-2.4831888676
-2.3991322517
-2.3895380497
-2.4948713779
-2.4235692024
-2.0447542667
-2.2567038536
-2.5768473148
-1.8178668022
-1.7459877729
-2.3654704094
-2.2246639729
-2.3790745735
-2.4770975113
-2.4537796974
-2.3655714989
-2.1825563908
-2.3018012047
-2.0117588043
-2.0293080807
-2.246743679
-2.4428486824
-2.5445225239
-2.5854508877
-2.9745674133
-2.2394320965
-2.4881799221
-2.3156476021
-1.9225254059
-2.3439240456
-2.2669198513
-2.4266982079
-2.0975122452
-2.2697882652
-2.048541069
-2.4319856167
-1.9007842541
-2.633784771
-2.2182269096
-2.1241648197
-2.4754803181
-2.3585705757
-2.118929863
-2.6229057312
-2.434248209
-2.2889692783
-1.8256613016
-2.253657341
-2.5531404018
-2.3317980766
-2.5014929771
-2.3219838142
-2.2265563011
-2.1286768913
-2.1178860664
-1.8596185446
-2.9057207108
-2.6666870117
-2.7488849163
-2.0561544895
-2.6967861652
-1.9503788948
-2.0939266682
-2.110833168
-2.404058218
-2.2131028175
-2.437176466
-2.2471871376
-2.2034289837
-1.9380228519
-2.1774611473
-2.0727186203
-2.3947434425
-2.1724152565
-2.3917558193
-2.2360253334
-2.2993197441
-2.1166305542
-2.1144247055
-1.9067770243
-2.3203482628
-1.8932378292
-1.859790802
-2.181807518
-2.4783277512
-1.8581391573
-2.3413774967
-2.3207812309
-2.3331828117
-2.3766393661
-2.1180493832
-1.9878208637
-2.0711314678
-1.4527671337
-2.0853843689
-1.7506892681
-1.5753163099
-1.5677673817
-1.7177939415
-1.939971447
-1.8138964176
-2.0616912842
-2.3274576664
-2.6257555485
-1.6996667385
-2.0669157505
-2.0206389427
-2.1762533188
-2.2460038662
-2.2543780804
-2.4039926529
-2.2034566402
-2.3999080658
-2.2577214241
-1.9971003532
-2.2420120239
-2.595792532
-2.4998219013
-2.098341465
-2.193775177
-2.5988881588
-2.1422929764
-2.6129209995
-2.4766542912
-1.9567503929
-2.6201095581
-2.6084096432
-1.8828213215
-2.2560751438
-2.8676657677
-2.5911440849
-2.302832365
-1.9522151947
-2.1489005089
-2.5086317062
-2.5694651604
-2.0010881424
-2.4620156288
-2.6843297482
-2.878667593
-2.1512079239
-2.055788517
-2.1789913177
-2.4792387486
-2.1216523647
-1.878587842
-2.0897841454
-1.968971014
-2.1165173054
-1.8770499229
-2.1850492954
-1.6828198433
-2.1709012985
-2.1197199821
-2.1294708252
-1.9542115927
-2.6249024868
-2.735045433
-2.1470797062
-2.4386498928
-2.7210962772
-2.110155344
-2.265976429
-2.3225233555
-2.4990620613
-1.9247351885
-2.5902063847
-2.0144913197
-2.4936702251
-2.8831045628
-2.0694739819
-2.1960365772
-2.0984621048
-2.5252401829
-2.0971035957
-2.2414677143
-2.1928565502
-2.3630685806
-2.0821452141
-2.4817128181
-1.8876855373
-2.2942733765
-2.4609694481
-2.0575704575
-2.461155653
-2.3118832111
-2.3086061478
-2.2298321724
-2.2012825012
-2.6645841599
-2.5228285789
-2.3447747231
-2.5837070942
-2.1879177094
-1.8991565704
-1.7844290733
-2.0569658279
-2.3760595322
-2.724367857
-2.3743638992
-2.3864278793
-2.2614741325
-2.3968281746
-2.2898402214
-2.4355008602
-2.2450220585
-2.4160556793
-2.3940343857
-2.0936141014
-2.1006097794
-2.2642710209
-2.4485702515
-2.2959413528
-2.3825850487
-1.9424717426
-2.0867235661
-2.0397291183
-1.9167817831
-1.7742282152
-1.8374201059
-1.6739264727
-1.442845583
-1.9975380898
-2.1235768795
-2.3640925884
-2.2529420853
-2.1297166348
-2.4213402271
-2.2239727974
-2.6563796997
-2.3077440262
-2.6706385612
-2.5249838829
-2.2648677826
-2.0647115707
-2.5694286823
-1.8346945047
-2.2079355717
-2.0095052719
-2.1434421539
-2.2329583168
-2.2907686234
-2.5552732944
-2.2663156986
-2.3942632675
-2.8124058247
-2.2793614864
-2.0860598087
-2.7069296837
-2.1547436714
-2.1642096043
-2.4633424282
-2.5041673183
-2.4377629757
-2.7517902851
-2.5080513954
-1.9966492653
-2.2837376595
-2.1385211945
-1.9917120934
-2.299356699
-2.108134985
-2.0426666737
-2.437472105
-2.2800891399
-2.2014431953
-2.2028977871
-2.5801987648
-2.3541090488
-2.7275426388
-1.9909911156
-2.4260659218
-1.9986890554
-2.0765893459
-1.5448093414
-2.1963732243
-2.2812001705
-1.8379429579
-2.3774349689
-2.1808810234
-2.7474985123
-2.2234463692
-2.220187664
-2.4593362808
-2.2946281433
-2.3662760258
-2.4593930244
-2.3499524593
-2.1811783314
-2.5081224442
-2.3595807552
-2.7721533775
-2.4107782841
-2.3922810555
-2.3427717686
-2.368956089
-2.271239996
-2.4462263584
-2.4783117771
-2.477250576
-2.1902096272
-1.5483226776
-2.0140695572
-1.8993054628
-2.3293523788
-2.4566955566
-2.7363622189
-2.2414679527
-2.4061419964
-2.4745175838
-2.0399897099
-3.037302494
-2.3857667446
-1.854143858
-1.8134038448
-1.7775739431
-1.8542815447
-1.7867213488
-2.4065873623
-2.5074980259
-2.3475027084
-2.5473568439
-2.6170887947
-2.3427343369
-2.4698195457
-2.2814295292
-2.2337396145
-2.5243799686
-2.258821249
-2.6119716167
-2.4094293118
-2.5257163048
-2.0627653599
-2.1669695377
-2.3529844284
-2.1480607986
-2.3485028744
-2.6338970661
-2.1662974358
-2.0751786232
-2.3341538906
-2.5391931534
-2.5045022964
-2.4446003437
-2.6211500168
-1.9230986834
-2.3147819042
-2.3129811287
-1.9653072357
-2.080370903
-2.2961013317
-2.1090745926
-2.5617029667
-2.3130242825
-2.8167059422
-2.4446167946
-2.4587538242
-2.1681597233
-2.2764832973
-2.1929094791
-2.4172875881
-2.2710473537
-2.3666257858
-2.6515574455
-2.2208452225
-2.3182833195
-1.9798724651
-1.9870128632
-2.4191069603
-2.2599713802
-2.2251734734
-2.0133807659
-2.4241507053
-2.3969116211
-2.3496990204
-2.4964499474
-1.8613884449
-2.0233941078
-2.4834251404
-2.4054560661
-2.3440401554
-2.3035545349
-2.4184644222
-2.3262724876
-2.0912482738
-2.2948246002
-2.9615781307
-2.1305809021
-2.0178480148
-2.3675749302
-2.3299860954
-2.1200842857
-1.9464017153
-2.5417070389
-2.4033355713
-2.1669611931
-2.5996067524
-2.4507601261
-2.1383523941
-2.5855267048
-2.2079875469
-2.2983794212
-2.4279024601
-2.1955428123
-2.0724494457
-2.1992554665
-2.3551206589
-2.4221355915
-2.6504516602
-2.1482534409
-2.4376235008
-2.3710303307
-2.0740144253
-2.5348601341
-2.4049191475
-2.5216524601
-2.4499428272
-2.4232439995
-2.3343234062
-2.657323122
-2.5507442951
-2.1424331665
-1.9769445658
-2.1059777737
-2.0908219814
-2.0004620552
-2.4786946774
-2.0818285942
-2.387503624
-2.0663311481
-2.1845648289
-2.3535382748
-2.7053487301
-2.4242720604
-2.4840605259
-2.3105332851
-2.6822407246
-2.00426054
-2.2468161583
-2.5847697258
-2.6067183018
-2.1864016056
-2.4916725159
-2.2024884224
-2.191172123
-2.6046490669
-2.4379632473
-2.6143977642
-2.8360295296
-2.2890136242
-1.9929693937
-2.5585660934
-1.8193041086
-2.2882742882
-2.6331100464
-2.0840277672
-2.2915923595
-2.5483846664
-2.2398583889
-2.3133354187
-1.8876692057
-2.4819860458
-2.643184185
-1.9782556295
-2.0392611027
-1.9170244932
-2.3429677486
-1.9665356874
-2.3753454685
-2.3945987225
-2.3891751766
-2.0289731026
-2.3032207489
-2.0774791241
-2.3286335468
-2.3262689114
-2.2954761982
-2.1818914413
-2.2181870937
-2.6327908039
-2.2643296719
-2.5460636616
-2.5009622574
-2.3286468983
-2.3658509254
-2.4741549492
-2.6084694862
-2.321978569
-2.0881521702
-2.3162596226
-2.469845295
-2.4635226727
-2.1189978123
-2.4256482124
-2.3058307171
-1.7362850904
-2.1264560223
-2.2074301243
-2.3061461449
-2.3321359158
-2.3201048374
-2.2447562218
-2.2223172188
-1.9068380594
-2.207120657
-2.025239706
-2.4501428604
-1.5652792454
-1.8255851269
-1.9903080463
-2.2123603821
-2.1773734093
-2.2956690788
-2.4421665668
-2.599417448
-2.1605677605
-2.4758558273
-2.6377639771
-2.4505805969
-2.4990155697
-2.4069094658
-2.2227315903
-2.405066967
-2.4666490555
-2.7628550529
-2.3048539162
-2.6764144897
-2.321359396
-2.2087783813
-2.4306302071
-2.4186251163
-2.4342935085
-2.1000065804
-1.9708195925
-2.395699501
-2.2042689323
-2.4960317612
-2.4132919312
-2.2782945633
-2.554005146
-2.2646780014
-2.4099185467
-1.9047831297
-2.0751523972
-2.6070001125
-1.9292610884
-2.1604783535
-2.8445699215
-2.554877758
-2.396497488
-2.058909893
-2.4295144081
-2.3504793644
-2.0356702805
-2.2534263134
-2.2646524906
-2.2403407097
-2.2017958164
-2.1095631123
-2.1088271141
-2.3420062065
-1.9609576464
-2.1794199944
-2.3567583561
-2.0743820667
-2.4638121128
-2.3994333744
-2.3516647816
-2.7017936707
-2.334540844
-2.2243549824
-2.187371254
-2.4735805988
-1.8271898031
-2.6104409695
-2.2674739361
-2.2411589622
-2.1608507633
-2.611928463
-2.3202326298
-2.3020806313
-2.6028432846
-2.1360530853
-2.3442156315
-2.2285616398
-1.7562358379
-2.058560133
-2.6379907131
-2.1728682518
-2.1670594215
-2.0749354362
-2.4725749493
-2.5251164436
-2.0531694889
-2.3307499886
-2.198641777
-2.2859854698
-2.6896138191
-1.7549397945
-2.3501775265
-2.459195137
-2.4155049324
-2.101421833
-2.1907727718
-1.749637723
-2.25598979
-2.3698217869
-2.0626709461
-2.3301990032
-2.4907133579
-2.0294573307
-1.8308589458
-1.9964740276
-2.2713155746
-2.5160622597
-2.340493679
-2.1881635189
-2.4735658169
-2.1948850155
-2.2709233761
-2.5398650169
-2.0100426674
-1.9325817823
-2.7685549259
-2.4511659145
-2.3000628948
-2.598129034
-2.3443191051
-2.4269175529
-2.2811264992
-2.0753462315
-2.3069322109
-2.2859182358
-2.5617702007
-2.1046557426
-2.1835436821
-2.5397224426
-1.9976727962
-2.333717823
-2.241042614
-2.4019191265
-2.6604611874
-2.4872369766
-2.3397467136
-1.9503502846
-2.221116066
-2.6186239719
-2.5004427433
-2.4371156693
-2.2669670582
-2.3440592289
-2.4433746338
-2.7326357365
-2.0685594082
-2.3913712502
-2.537583828
-2.3407411575
-2.3482918739
-2.370978117
-2.4263939857
-2.3308079243
-2.3022933006
-1.9994724989
-2.4451441765
-2.0956025124
-1.9875763655
-1.685585618
-1.9841575623
-2.1212301254
-2.0877058506
-1.7736481428
-2.3389995098
-2.0477945805
-2.2367901802
-2.7158608437
-2.5691823959
-2.4580850601
-2.4928209782
-2.2958905697
-1.7277476788
-2.0951147079
-2.2684836388
-2.8400588036
-2.3511884212
-2.5200490952
-2.3035066128
-2.5063409805
-2.3750231266
-2.0842964649
-2.8149995804
-2.3830647469
-2.121065855
-2.4976453781
-1.9521893263
-1.9946091175
-2.2006859779
-2.353579998
-2.1922967434
-2.2823269367
-2.6451089382
-1.8969447613
-2.6020774841
-2.3146789074
-2.7032690048
-2.3987298012
-2.4303576946
-2.7426819801
-2.6706187725
-2.4128499031
-2.1492037773
-2.1741063595
-2.4440603256
-2.1811201572
-1.937399745
-1.7038053274
-1.9407763481
-1.5170264244
-1.4944529533
-1.9177514315
-2.3650977612
-2.1383833885
-2.0482385159
-2.3553137779
-2.3510394096
-2.2540974617
-1.9907385111
-2.4031028748
-2.4894623756
-2.3672323227
-2.0912530422
-1.7959760427
-1.9322516918
-1.6723576784
-1.9331163168
-2.2715132236
-2.2255635262
-1.7902697325
-1.9650611877
-2.8033399582
-2.5973477364
-2.2345271111
-2.57767272
-2.4718625546
-2.3415882587
-2.3356831074
-2.4140121937
-2.2260365486
-2.490424633
-2.576151371
-2.2864925861
-2.6093432903
-2.1542596817
-2.2577102184
-2.7435686588
-2.3819448948
-2.5046916008
-2.4059097767
-2.3105270863
-2.1766507626
-2.169044733
-2.2151865959
-2.2203021049
-2.1198067665
-2.4637658596
-2.0325803757
-2.3072903156
-2.5552861691
-2.4997668266
-2.4752221107
-2.0551111698
-1.833917737
-2.0820515156
-1.8324936628
-2.3723978996
-2.0744740963
-2.3518373966
-2.4152255058
-2.6557910442
-2.5438914299
-2.016960144
-2.4880604744
-2.0785622597
-2.0462818146
-2.3437860012
-2.2975916862
-2.3582892418
-2.2429602146
-2.1635184288
-2.5616910458
-1.8547586203
-2.1605308056
-1.899498105
-2.2160708904
-2.5313825607
-2.3187143803
-2.5419123173
-2.4081816673
-2.3116910458
-2.0377893448
-2.3526284695
-2.0658183098
-2.0780625343
-2.1123952866
-1.938855648
-2.0898702145
-2.2986962795
-1.7096914053
-2.0348603725
-1.8276808262
-1.9580179453
-2.0584664345
-1.766187191
-2.0095837116
-2.4058098793
-2.7004213333
-2.1857209206
-2.3380191326
-2.4578034878
-2.3377597332
-2.5106198788
-2.4202122688
-2.1717469692
-1.8320860863
-2.301582098
-2.4269752502
-2.2555756569
-2.2555756569
