-0.745984495 
-0.974641025 
-0.993561745 
-0.993561745 
-0.912699997 
-0.963919878 
-0.775998592 
-0.933181107 
-0.986058772 
-0.905843437 
-0.969174862 
-0.969174862 
-0.320902258 
-0.896506369 
-0.697468042 
-0.889708936 
-0.860690773 
-0.76438266 
-0.965932667 
-0.965932667 
-0.811249256 
-0.675658405 
-0.92557174 
-0.606211483 
-0.901183665 
-0.821899176 
-0.421325475 
2.21033886e-07 
-0.955439866 
-0.922318161 
-0.922318161 
-0.879068375 
-0.820654809 
-0.0248197485 
-0.754666626 
-0.952994823 
-0.99089694 
-0.99089694 
-0.889075816 
-0.777083695 
-0.730611503 
-0.141696855 
-0.784925878 
-0.909430027 
-0.641904116 
-0.958777905 
-0.828019142 
-0.974889755 
-0.871699572 
-0.882039785 
-0.912211895 
-0.879428148 
-0.708538532 
-0.331168681 
-0.542671263 
-0.818262994 
-0.780958712 
-0.96803838 
-0.689671099 
-0.475664377 
-0.815547287 
-0.326975733 
-0.781196177 
-0.958638012 
-0.901930392 
-0.907443702 
-0.907581568 
-0.931446373 
-0.903288841 
-0.872087657 
-0.803676426 
-0.803008497 
-0.696383774 
-0.331781209 
-0.307626843 
-0.287748963 
-0.661630332 
-0.802872479 
-0.331679136 
-0.710252583 
-0.845333278 
-0.339868546 
-0.964645684 
-0.872223079 
-0.709894955 
-0.928308785 
-0.331734568 
-0.918728411 
-0.270390481 
-0.733759165 
-0.894768238 
-0.919367969 
-0.738414943 
-0.902000129 
-0.548585236 
-0.332408547 
-0.807386935 
-0.908441961 
-0.623476744 
-0.667072952 
-0.333289772 
-0.898166835 
-0.261587888 
-2.73187961e-08 
-0.43833518 
-0.600330651 
-0.881669998 
-0.72217387 
-0.976998389 
-0.0628904626 
-0.891568184 
-0.812950611 
-0.963505566 
-0.963505566 
-0.978227198 
-0.216378883 
-0.986130536 
-0.771946609 
-0.737110138 
-0.95525527 
-0.864662111 
-0.866822779 
-0.816173732 
-0.980460465 
-1.98682155e-08 
-0.638262212 
-0.139368489 
-0.749275208 
-0.696216822 
-0.327466577 
-0.892363369 
-0.954271495 
-0.762221754 
-0.62928158 
-0.702554166 
-0.640262604 
-0.921349585 
-0.960327387 
-0.20174408 
-0.00789907854 
-0.302194715 
-0.981189966 
-0.981189966 
-0.328625083 
-0.837831974 
-0.989257812 
-0.806000531 
-0.814410746 
-0.297350019 
-0.121972799 
-0.78150028 
-0.886477947 
-0.366202086 
-0.744370639 
-0.788152039 
-0.708793461 
-0.947521389 
-0.96186471 
-0.641292572 
-0.330838621 
-0.968805313 
-0.918569088 
-0.833365142 
-0.903901279 
-0.974158108 
-0.724893093 
-0.28840974 
-0.647718966 
-0.74358052 
-0.926435947 
-0.854590893 
3.67561967e-07 
-0.972884357 
-0.965835392 
-0.830196559 
3.97364289e-07 
2.98023224e-07 
-0.793921947 
-0.981871665 
-0.32870689 
-5.96046448e-08 
-0.956250846 
-0.915583909 
-0.566871583 
9.93410723e-08 
-0.330002993 
-0.924404144 
-0.904757261 
-0.968982637 
-0.968982637 
-0.993639171 
-0.939987361 
-0.943888664 
-0.334536821 
-0.806386173 
-0.306141585 
-0.322013646 
-0.911595166 
-0.978726208 
-0.978726208 
-0.87698096 
-0.305418611 
-0.898103774 
-0.86680299 
-0.855464458 
-0.312379748 
-0.930113554 
-0.978515208 
-0.978515208 
-0.978515208 
-0.978515208 
-0.978515208 
-0.978515208 
-0.940426052 
-0.940426052 
-0.288778514 
-0.945979595 
-0.879188001 
-0.843615711 
-0.326602727 
-0.938678801 
-0.299811095 
-0.749649286 
-0.958437145 
-0.958437145 
-0.0257938281 
-0.679152489 
-0.908147395 
-0.886674643 
-0.32741043 
-0.6761446 
-0.333015233 
-0.944562852 
-0.320478588 
-0.802789986 
-0.740147889 
-0.332857937 
-0.86943084 
-0.723988235 
-0.983762443 
-0.643681586 
-0.333329648 
-0.950672865 
-0.164705336 
-0.493712455 
-0.965434015 
-0.965434015 
-0.965434015 
-0.634697139 
9.93410708e-07 
-0.963255584 
-0.98575455 
-0.314676762 
-0.876388967 
-0.986430585 
-0.950699389 
-0.757793844 
-0.919918478 
-0.293835044 
-0.333104253 
-0.878457367 
-0.281976759 
-0.90199846 
-0.957233429 
-0.939951122 
-0.885159791 
-0.904963195 
-0.293607473 
-0.790768325 
-0.716352642 
-0.943603039 
-0.98555851 
-0.913740158 
-0.847592413 
-0.515957355 
-0.830169737 
-0.949889719 
-0.858124435 
-0.660863578 
-0.955382049 
-0.903933287 
-0.663589954 
-0.3444179 
-0.696449757 
-0.854789972 
-0.755051136 
-0.926407814 
-0.140511453 
-0.779788673 
-0.897106826 
-0.772723913 
-0.280560285 
-0.88880223 
-0.709239185 
-0.857423306 
-0.247054756 
-0.834523678 
4.96705354e-07 
-0.683060884 
-0.319570363 
-0.333193749 
4.96705354e-07 
-0.81387192 
-0.920545638 
-0.298082113 
-0.79112035 
-0.182466745 
-0.317321301 
-0.956142128 
-0.959152937 
-0.959152937 
-0.894622028 
-0.945396483 
-0.98033303 
-0.00549376011 
-0.848020077 
-0.668898404 
-0.664956987 
-0.328811914 
-0.688604057 
-0.259670317 
-0.891501367 
-0.796785831 
-0.758386612 
-0.855355203 
-0.275040776 
-0.741547763 
-0.852405369 
-0.294155568 
-0.239773795 
-0.567159474 
-0.2876302 
-0.934923708 
-0.837588966 
-0.0109994533 
-0.539414883 
-0.660846114 
-0.309255064 
-0.563202202 
-0.946049035 
-0.914928675 
-0.830759704 
-0.865423024 
-0.331636101 
-0.328506976 
1.01327896e-06 
-0.0625923201 
-0.951243103 
-0.904041767 
-0.884710014 
-0.90050298 
-0.936587632 
-0.371520162 
-0.811779797 
-0.983220756 
-0.324115366 
-0.363646835 
-0.934298813 
-0.637969494 
-0.625058472 
-0.924804986 
-0.935802758 
-0.592883646 
-0.33238107 
-0.821724474 
-0.878892839 
-0.304548293 
-0.328300446 
-0.362427145 
-0.750237286 
-0.908771694 
-0.676706254 
-0.903755188 
-0.770802498 
-0.439737827 
-0.825900733 
-0.456542522 
-0.291753531 
-0.937743485 
-0.893059552 
-0.66803956 
-0.870609999 
-0.970248997 
-0.904556572 
-0.708117485 
-0.232816115 
-0.629574776 
-0.806829154 
-0.810491562 
-0.989408433 
-0.961768448 
-0.951847732 
-0.30981186 
-0.784378946 
-0.714036763 
-0.816446245 
-0.857040465 
-0.878817141 
-0.910413563 
-0.820604146 
-0.888656139 
-0.907207012 
-0.960264027 
-0.989560902 
-0.331688792 
-0.843194783 
-0.914280653 
-0.330755472 
-0.945379198 
-0.885011673 
-0.875437737 
-0.90707022 
-0.946405232 
-0.713401139 
-0.307091177 
1.60932541e-06 
-0.0536726415 
-0.646911681 
-0.782860577 
-0.58837527 
-0.943416595 
-0.943416595 
-0.914425194 
-0.77230984 
-0.0155803561 
-0.175920546 
-0.869127691 
-0.866247416 
-0.797846317 
-0.987988651 
-0.853412449 
-0.667896986 
-0.76820308 
-0.674709976 
-0.849611819 
-0.916041374 
-0.990162551 
-0.253443062 
-0.506625593 
-0.908779621 
-0.908156216 
-0.083660394 
-0.495171309 
-0.848357201 
-0.677400589 
-0.326545566 
-0.0504639894 
-0.0580519401 
-0.868107617 
-0.737909853 
-0.274499685 
-0.750606358 
-0.684882879 
-0.794004917 
1.09275186e-06 
-0.889543295 
-0.991990805 
-0.943456352 
-0.403600961 
-0.553417921 
-0.884754837 
-0.466700941 
-0.288672388 
-0.594455898 
-0.806797802 
-0.319786221 
-0.998904228 
-0.932475388 
-0.932475388 
-0.61110431 
-0.96753639 
-0.96753639 
-0.940834761 
-0.289356619 
-0.898307979 
-0.977330029 
-0.903028786 
-0.74622184 
-0.321272403 
-0.578002274 
-0.945257723 
-0.918912351 
-0.00949178915 
-0.842555225 
-0.0163881872 
-0.957738876 
-0.909582794 
-0.92628938 
-0.992739975 
-0.868028462 
-0.961111724 
-0.726308048 
-0.950307786 
-0.909911215 
-0.672066689 
-0.958788812 
9.83476639e-07 
-0.309859961 
-0.917762518 
-0.328754038 
-0.928739488 
-0.992634296 
-0.919624746 
-0.303691953 
-0.911207378 
-0.685736954 
-0.723442137 
-0.307429135 
-0.888437092 
-0.908069432 
-0.834944785 
-0.822235644 
5.96046448e-07 
-0.0698223934 
-0.649987102 
-0.776744366 
-0.31844607 
-0.00778520294 
-0.315034539 
-0.676701784 
-0.803590775 
-0.61803323 
4.37100738e-07 
-0.938342154 
-0.938342154 
4.3772161e-07 
-0.614404261 
-0.847699165 
-0.682583988 
-0.785619795 
-0.799027622 
-0.294518858 
6.35782897e-07 
-0.976438463 
8.14596831e-07 
-0.316423237 
-0.333092064 
-0.675484478 
-0.321996212 
-0.776113272 
-0.851743698 
-0.730523884 
-0.910063565 
-0.658024132 
-0.276387393 
-0.905533969 
-0.702492237 
-0.331897676 
-0.614734054 
-0.958563268 
-0.840124309 
-0.280973405 
-0.851500332 
-0.800140083 
-0.316574097 
-0.0977194309 
-0.992475331 
-0.992475331 
-0.309579045 
-0.982947826 
-0.919108391 
-0.890931845 
-0.909538567 
-0.803165615 
-0.246789262 
-0.659211338 
-0.876717091 
-0.00869314093 
-0.333332807 
-0.796773195 
-0.868337393 
-0.61825496 
-0.927538395 
-0.817479074 
-0.949668705 
-0.694408894 
-0.554788589 
-0.990361452 
-0.18910338 
-0.324182183 
-0.575333297 
2.58286804e-07 
-0.958079994 
-0.806037962 
-0.971212089 
-0.936603248 
-0.332606703 
-0.810555637 
-0.871555746 
-0.730393231 
-0.970409393 
-0.958142757 
-0.837704003 
-0.520859182 
-0.913232803 
1.21692821e-07 
-0.648396969 
-0.203421533 
-0.868546665 
-0.932203472 
-0.83105135 
3.77496093e-07 
-0.968994915 
-0.482780784 
-0.331495255 
-0.905624926 
-0.257653177 
-0.673924148 
-0.812021554 
-0.906670749 
-0.973227501 
-0.938917637 
-0.83862704 
-0.2634148 
-0.696267366 
-0.307825655 
-0.935806751 
-0.935806751 
-0.860197544 
-0.701467514 
-0.332116485 
-0.324670345 
-0.722456515 
-0.574186146 
-0.880605698 
-0.794823945 
-0.712982118 
-0.938553333 
8.44399111e-08 
-0.761819124 
-0.876576602 
-0.77535373 
-0.911134541 
-0.332844466 
-0.920534551 
-0.752580345 
-0.896135807 
-0.895968437 
-0.947347462 
-0.656688869 
-0.860728264 
-0.964662731 
-0.713906109 
-0.524033248 
-0.62796849 
-0.160950541 
-0.712676346 
-0.808819115 
-0.931782246 
-0.896936476 
-0.892707348 
-0.925786674 
-0.955428898 
-0.456736207 
-0.68404609 
-0.84849453 
-0.283304006 
-0.322032899 
-0.310303569 
3.97364289e-07 
-0.654830933 
-0.32070002 
-0.873937607 
-0.85983628 
-0.170280293 
-0.857544422 
-0.852817535 
-0.32499221 
-0.858103335 
-0.918268859 
-0.903197765 
-0.329255372 
-0.945260584 
-0.180998921 
-0.671137333 
-0.827337444 
-0.846634448 
-0.932635009 
-0.750244677 
-0.322195768 
-0.969272792 
-0.998993576 
1.09275186e-06 
-0.671875179 
-0.943530738 
-0.705176294 
-0.91143012 
-0.296425015 
-0.842839897 
-0.920692146 
-0.968306303 
1.21196115e-06 
1.21196115e-06 
-0.532322824 
-0.6976161 
-0.716240942 
-0.849699557 
-0.675755441 
-0.791582286 
-0.710699379 
-0.857355118 
-0.325403512 
-0.893030405 
-0.935052395 
-0.756734133 
-0.955457389 
-0.324695379 
-0.300472468 
-0.880339086 
-0.332464188 
-0.828283489 
-0.867616475 
-0.838769615 
-0.97253865 
-0.924730599 
-0.260616869 
-0.91250211 
-0.978832066 
-0.576993465 
-0.636425316 
-0.665917158 
-0.321522534 
1.1920929e-06 
1.17222464e-06 
1.20202697e-06 
-0.704529583 
-0.930196464 
-0.276237994 
-0.760134995 
-0.519512415 
-0.659692764 
-0.917320013 
-0.957542896 
1.47024787e-06 
-0.837385476 
-0.913849056 
-0.909527779 
-0.758180916 
-0.906689882 
-0.848882258 
-0.269628376 
-0.815919697 
-0.857955754 
-0.979150116 
-0.98431778 
1.54972076e-06 
-0.9238711 
-0.92625761 
-0.995614529 
-0.890512228 
-0.890512228 
-0.618427098 
-0.545056224 
-0.95963794 
-0.967114925 
-0.967114925 
-0.901232541 
-0.908403933 
-0.877643049 
-0.757611811 
-0.935842693 
-0.935842693 
-0.0997193456 
-0.311350197 
-0.92571038 
-0.730873108 
-0.654526651 
-0.976663649 
-0.00599871716 
-0.727074802 
-0.816339433 
-0.964528143 
-0.964528143 
-0.329839081 
-0.315621853 
-0.94775027 
-0.9407534 
-0.967586279 
-0.972036839 
-0.885849655 
-0.631940663 
-0.0741745308 
-0.268118531 
-0.878404438 
-0.740356266 
-0.796675205 
-0.827412307 
-0.842886925 
-0.796699703 
-0.79177326 
-0.905674934 
-0.347880036 
-0.989411533 
-0.750549316 
-0.996892691 
-0.316181451 
-0.186073825 
-0.202668563 
-0.342279524 
-0.971048176 
-0.685198724 
-0.934014022 
-0.528513193 
-0.911807537 
-0.938593209 
1.98682142e-06 
-0.813754261 
-0.654806316 
-0.978235066 
-0.590182006 
-0.906794369 
-0.891201079 
-0.887009561 
-0.648655713 
-0.70364815 
-0.957441509 
-0.905761778 
2.31464696e-06 
-0.320570737 
-0.947288275 
-0.324620187 
-0.314572066 
-0.321514368 
2.68220901e-06 
-0.859870434 
-0.83632952 
-0.333203405 
-0.962844193 
-0.507521749 
-0.855821788 
-0.639887571 
-0.91282177 
-0.755193532 
-0.333322465 
-0.971996307 
2.32458115e-06 
-0.852821648 
-0.27875042 
-0.280993342 
-0.328102082 
-0.766516209 
-0.643113375 
-0.967917204 
-0.959710598 
-0.919328392 
-0.93256855 
-0.893450081 
-0.908490658 
-0.954825401 
-0.62585479 
-0.927447796 
-0.913566828 
-0.922138751 
-0.982197821 
-0.61510843 
-0.938621223 
-0.273462951 
-0.683797538 
-0.877675831 
-0.669271886 
-0.436153799 
-0.309678495 
-0.875540257 
-0.955193996 
-0.665649354 
-0.297308773 
-0.940143108 
-0.940143108 
-0.927651227 
-0.927651227 
-0.0142230643 
-0.964208424 
-0.826882064 
-0.971044779 
-0.663852036 
-0.957281768 
-0.796584785 
-0.296230763 
-0.32836923 
-0.940148354 
-0.940148354 
-0.932870209 
-0.0118652666 
-0.669559479 
-0.689748943 
-0.704531014 
-0.738912046 
-0.826908767 
-0.584059 
-0.22122252 
-0.894659817 
-0.815952957 
-0.673287094 
-0.758407772 
-0.752765417 
-0.834262669 
-0.253154248 
-0.932231843 
-0.972041786 
-0.877622306 
1.53978669e-06 
-0.015611981 
-0.312496692 
-0.62574023 
-0.0918539464 
-0.662781835 
-0.914005816 
-0.708408415 
-0.852284729 
-0.96093148 
-0.298938602 
-0.99582845 
-0.99582845 
-0.9328053 
1.16974115e-06 
-0.66572392 
-0.97811085 
-0.97811085 
-0.933037758 
-0.900991917 
-0.849310398 
-0.819042504 
-0.901220262 
-0.329066157 
-0.820449173 
-0.887066126 
-0.981788933 
-0.944487989 
-0.735810816 
-0.69247359 
-0.732046425 
-0.96514225 
-0.167335048 
-0.924302578 
-0.875346184 
-0.329096645 
-0.900451958 
7.94728578e-07 
8.74201476e-07 
-0.953048646 
-0.878056109 
-0.00901291985 
-0.791813314 
-0.847306192 
-0.930045426 
-0.901206017 
-0.337830752 
7.94728578e-07 
-0.314640373 
-0.691674292 
-0.877837181 
-0.883285999 
-0.90811801 
-0.325598508 
-0.877349794 
-0.831165075 
-0.324546665 
-0.486905783 
-0.696026981 
-0.755882263 
-0.298501968 
-0.819794834 
-0.967008829 
-0.978926182 
-0.601030111 
-0.658179224 
-0.307102233 
-0.957976997 
-0.71998626 
-0.874527693 
-0.33064878 
-0.293373466 
-0.639336586 
-0.868282795 
-0.990458965 
-0.55103904 
-0.957045376 
-0.957045376 
-0.957045376 
-0.946139753 
-0.946139753 
-0.704733551 
-0.911254227 
6.15914644e-07 
-0.959617317 
-0.926364422 
-0.926364422 
-0.951402724 
-0.63935858 
-0.320709944 
4.56968934e-07 
-0.924349248 
-0.754795253 
-0.331385583 
-0.946825683 
-0.783655941 
-0.958524048 
-0.874039829 
-0.787553847 
-0.2741943 
-0.736442804 
-0.877389431 
-0.673779666 
-0.637583494 
-0.329337358 
-0.734437406 
-0.318557322 
-0.945631206 
-0.942107856 
-0.919097006 
-0.761672556 
-0.875758946 
-0.827050388 
-0.874607742 
-0.655648649 
-0.640346527 
-0.72941798 
-0.906674385 
-0.934553325 
-0.96471405 
-0.957805932 
-0.976533473 
-0.793578327 
-0.764857113 
-0.915739298 
-0.900716782 
-0.787105858 
-0.603937685 
-0.934664428 
-0.922768116 
-0.607109964 
-0.984164059 
-0.983255565 
-0.990895748 
-0.495558649 
-0.984993398 
-4.17232513e-07 
-0.919384003 
-0.810801506 
-0.971262753 
-0.84175539 
-0.798244536 
-0.914220631 
-0.874885857 
-0.537484229 
-0.835131824 
-0.886247814 
-0.585696161 
-0.765372455 
-0.332718372 
-0.303104371 
-0.74728775 
-0.721468866 
-0.225846067 
-0.957617819 
-0.918459833 
-0.641675591 
-6.55651093e-07 
-0.902134418 
-0.311543554 
-0.675289333 
-0.715117693 
-5.76178252e-07 
-0.675278962 
-0.687427282 
-0.885777175 
-0.870070636 
-0.321384966 
-0.673011243 
-0.593965948 
-0.808049679 
-0.842343092 
-2.18550369e-07 
-0.333099276 
-0.662082434 
-0.945978463 
-0.322194755 
-0.906009376 
-0.627234399 
-0.683370769 
-0.311094671 
-0.831762075 
-0.94518882 
-0.297325939 
-0.316565454 
-0.769033849 
-0.951225221 
-0.951225221 
-0.956683099 
-0.906157196 
-0.312537521 
-0.332209736 
-0.244122431 
-0.818395555 
-0.336911082 
-0.289537996 
-0.305157542 
-0.977909267 
-0.977909267 
-0.934181273 
-0.860197067 
-0.798759937 
-0.932060242 
-0.91570878 
-2.38418579e-07 
-0.838119209 
-0.997370183 
-0.974663019 
-0.912128389 
-0.551123381 
-0.935615301 
-0.935615301 
-0.833057225 
-0.884693146 
-0.823076308 
-0.871422589 
-0.9707008 
-0.989071071 
-0.996473372 
-0.991806507 
-0.867054284 
-0.310440332 
-0.871078432 
-0.328034788 
-0.926011264 
-7.30156898e-07 
-0.376921028 
-0.909339726 
-0.643391132 
-0.321247756 
-0.369571209 
-7.25189864e-07 
-0.799443245 
-0.550657749 
-0.0270512477 
-6.75519289e-07 
-0.915478945 
-0.911040008 
-0.942804515 
-4.56968934e-07 
-0.959848404 
-0.33318606 
-0.946964085 
-0.826559842 
-0.750747025 
-8.34465027e-07 
-0.980178893 
-0.980178893 
-0.937307656 
-0.914917946 
-0.919017375 
-0.90746659 
-0.966488838 
-0.956426144 
-0.944599926 
-0.853211105 
-0.634888828 
-0.275967091 
-0.878639042 
-0.875593841 
-0.959766567 
-0.328535855 
-0.618846416 
-0.435959697 
-0.804304779 
-0.925101995 
-0.868310392 
-0.848054588 
-0.698770821 
-0.938075781 
-0.689935029 
-0.315335363 
-0.917591631 
-0.637271881 
-0.76763171 
-5.96046448e-07 
-0.947697341 
-0.914805233 
-0.914805233 
-0.932137966 
-0.870488346 
-0.934541047 
-0.930766761 
-0.30091691 
-0.329391152 
-0.889973938 
-0.610678434 
-0.333173364 
-0.750211954 
-0.761838138 
-0.876544952 
-0.937741935 
-4.96705354e-07 
-0.214981362 
-0.627918661 
-0.961618423 
-0.823161781 
-0.658711314 
-0.95923835 
-0.797652423 
-0.915727794 
-0.938224494 
-0.900070012 
-0.318813801 
-0.813556969 
-0.865104735 
-0.854314268 
-4.52001899e-07 
-0.821597099 
-0.133369818 
-0.953121364 
-0.929950476 
-0.938444912 
-0.907077134 
-0.885879219 
-0.962515116 
-0.968578815 
-0.836100399 
-0.977033436 
-0.892137229 
-0.776003361 
-0.866738975 
-0.981327832 
-0.762840211 
-0.751771033 
-0.97762841 
-0.94207406 
-0.967449665 
-1.98682145e-07 
-0.890084445 
-0.914812386 
-0.149324015 
-0.928965867 
-0.892092049 
-0.904211104 
-0.950382411 
-0.852546394 
1.98682155e-08 
-0.419188768 
-0.149242207 
-0.317615211 
-0.849885464 
-0.920507371 
-0.960390508 
-0.977131903 
-0.365302444 
-0.88904649 
-0.8907637 
-0.972901404 
-0.890942752 
-0.928857327 
-0.937016964 
-0.332738668 
-0.333118886 
-0.962667942 
-0.25044623 
-0.781163692 
-0.947399437 
-0.169397891 
-0.214417577 
-0.923660755 
-0.866226971 
-0.865336835 
-0.885158956 
1.58945724e-07 
-0.660767078 
-0.891266525 
-0.38241446 
-0.981856287 
-0.981856287 
-0.976741314 
-0.755654097 
-0.726429999 
-0.766463757 
-0.833526909 
2.68220901e-07 
-0.804690182 
-0.250181407 
-0.673632681 
-0.137596875 
-0.912757218 
-0.897755921 
-0.680800915 
-0.513176382 
-0.849595249 
-0.794296086 
-0.989441097 
-0.750020266 
-0.97139734 
-0.234062135 
-0.303385437 
-0.725665867 
2.98023224e-07 
-0.913101971 
-0.674228609 
-0.616286039 
-0.765127182 
-0.973238766 
-0.801608324 
-0.592396677 
-0.404707819 
7.15255737e-07 
6.81728125e-07 
-0.844510853 
-0.676248491 
-0.820113361 
-0.674796104 
-0.811944187 
-0.88453728 
-0.326258898 
-0.315789849 
-0.914084613 
-0.914084613 
-0.332758516 
-0.5112378 
-0.915883362 
4.56968934e-07 
-0.774955809 
-0.377106577 
3.55144351e-07 
-0.312277228 
-0.991245985 
-0.921976864 
-0.585756183 
-0.837256968 
-0.926936924 
-0.919640243 
-0.849518478 
-0.948442876 
-0.813809216 
-0.794591427 
-4.56968934e-07 
-0.946575344 
-0.852314949 
-0.866407335 
-0.927237272 
-0.794686019 
-0.936700821 
-0.621982574 
-0.774870336 
-0.560130119 
-0.864614904 
-1.98682145e-07 
-0.930317342 
-0.831394196 
-0.760592639 
-1.1920929e-07 
-0.614783704 
-0.899930239 
-0.719010651 
-0.579244673 
-0.808018208 
-0.657573164 
-0.542616308 
-0.816495895 
-0.652300358 
-0.901910603 
-1.98682145e-07 
-0.666125953 
-0.204359904 
1.390775e-07 
-0.956169665 
-0.808340847 
-0.201122716 
-0.808172941 
-0.880336046 
-0.00689090742 
-0.777485788 
-0.725455582 
-0.31025508 
-0.831453979 
-0.92257452 
-0.95312804 
-0.891314924 
-0.320590854 
-0.879270077 
-0.840744078 
-0.850308597 
-5.97288192e-07 
-0.835988522 
-0.610127091 
-0.942416906 
-0.676728427 
-0.790922463 
-0.615271628 
-0.0635833591 
-0.32978186 
-0.746088505 
-0.826544106 
-0.946325481 
-0.94687444 
-0.539795101 
-0.766872108 
-0.809508502 
-0.322857767 
-0.949802697 
-0.84599638 
-0.924968719 
-0.932557404 
-0.977558434 
-0.966203034 
-0.978639781 
-0.678414762 
-0.493865103 
-0.860855341 
-0.921430111 
-0.862225711 
-0.742820501 
-0.644977391 
-0.028654458 
-0.741969109 
-0.599042714 
-0.707689106 
-0.848404706 
-0.950064838 
-1.13248825e-06 
-0.773384511 
-0.835814238 
-0.331249863 
-0.979615629 
-0.93586117 
-0.917402267 
-0.945622146 
-0.786400318 
-0.847804248 
-0.577510118 
-0.794871628 
-0.664945543 
-0.988355637 
-0.734740019 
-0.917238414 
-0.934054613 
-0.929714859 
-0.729447067 
-0.8643381 
-0.929247081 
-0.93021816 
-0.919099569 
-0.723844707 
-0.259297073 
-6.75519289e-07 
-0.292219967 
-0.837873399 
-0.864411354 
-0.896981895 
-0.309805781 
-0.962018967 
-0.91903156 
-0.230804563 
-0.687514782 
-0.906501591 
-0.323749036 
-0.711461544 
-0.857493162 
-0.58715713 
-0.886173069 
-0.889454663 
-0.759743512 
-0.286553472 
-0.811163425 
-0.869188488 
-0.326325446 
-0.194513619 
-0.269904613 
-0.954872668 
-0.908650696 
-0.281408101 
-0.802839518 
-8.34465027e-07 
-0.842741191 
-0.800548315 
-0.324619949 
-0.879077733 
-0.873380482 
-0.802252591 
-0.965625107 
-0.954703867 
-0.847385108 
-0.640034139 
-0.742238462 
-0.896171987 
-0.829372644 
-0.894502223 
-0.322104067 
-0.333202899 
-0.564662516 
-0.270362765 
-0.478592187 
-0.717006862 
-0.907723904 
-0.797132075 
-0.93934828 
-0.327809423 
-0.246841267 
-0.720805645 
-0.303407937 
-0.867643833 
-0.937924147 
-0.83764571 
-0.860580385 
-0.968128204 
-0.945922375 
-0.860385597 
-0.711999714 
-0.870941818 
-0.956370652 
-0.858239174 
-0.986104727 
-0.909588814 
-0.928045452 
-0.906404734 
-0.869887173 
-0.832565069 
-0.98289299 
-0.892642915 
-0.95026809 
-0.778589785 
-0.995292366 
-1.46279729e-06 
-0.353996962 
-0.882606983 
-0.618232191 
-0.480177283 
-1.45037973e-06 
-0.311186701 
-0.784135342 
-0.94900322 
-0.868614972 
-0.889300585 
-0.853174627 
-0.926542938 
-0.324014574 
-0.486881375 
-0.85772866 
-0.328659683 
-0.639752388 
-0.280818552 
-0.333308548 
-0.932260513 
-0.932260513 
-0.697379768 
-0.80270505 
-0.873107672 
-0.575856984 
-0.724385679 
-0.887324512 
-0.846499622 
-0.930631459 
-0.851344526 
-0.814326048 
-0.904582679 
-0.309112132 
-0.969073236 
-0.868648708 
-0.969340086 
-0.964335024 
-0.865809441 
-0.299228251 
-0.317650884 
-0.228010967 
-0.972176075 
-0.318278879 
-0.856682777 
-0.970651805 
-0.81487608 
-0.902308702 
-0.510505795 
-0.929607391 
-0.926747024 
-0.634027362 
-0.324392766 
-0.0056580049 
-0.615949214 
-0.12080422 
-0.85469991 
-0.9829126 
-0.982963324 
-0.921627462 
-0.781120062 
-0.780421913 
-0.333283782 
-0.870143235 
-1.09275186e-06 
-0.0128702037 
-1.14242232e-06 
-0.806598485 
-0.591606796 
-1.1920929e-06 
-0.703225613 
-0.962319195 
-0.850888431 
-0.542685688 
-1.07288361e-06 
-0.236773208 
-0.887523592 
-0.816706181 
-0.029911181 
-0.825161219 
-6.15914644e-07 
-0.286564857 
-0.795074165 
-0.828680277 
-0.848069191 
-0.972035825 
-0.868021309 
-0.673980176 
-0.91500932 
-5.86112321e-07 
-0.86990881 
-0.789597094 
-0.580803633 
-0.925737858 
-0.985524237 
-0.946291387 
-0.979313552 
-0.889015436 
-0.97052002 
-0.935419559 
-0.921271801 
-0.917518795 
-0.33444044 
-0.713558733 
-0.639458418 
-0.715559006 
-0.432184666 
-0.887902558 
-0.887902558 
-0.83536917 
-0.722696781 
-0.712211072 
-0.890705884 
-0.377194881 
-0.246802732 
-0.670513093 
-0.752250373 
-0.731040776 
-0.795342445 
-0.326696038 
-0.0105181448 
-0.808554173 
-0.814357281 
-0.974874675 
-0.974874675 
-0.967387438 
-0.942311108 
-0.897848427 
-0.321028084 
-0.763393223 
-0.733015478 
-0.531569183 
-0.75699687 
-0.84951967 
-0.888958275 
-0.672153652 
-0.484208256 
-0.326710373 
-0.807253897 
-0.0296470597 
-0.739647567 
-0.615854204 
-0.816740453 
-0.333192438 
-0.694185257 
-1.07288361e-06 
-0.617309034 
-0.966053247 
-0.899516821 
-0.888482094 
-0.333307058 
-9.62366698e-07 
-0.682266891 
-0.917815685 
-0.716183901 
-1.39077508e-06 
-1.50005019e-06 
-0.591490984 
-0.94272238 
-1.67886412e-06 
-0.689847887 
-0.769583046 
-0.839770138 
-1.73846877e-06 
-0.731171787 
-0.908389032 
-0.888649166 
-0.951666296 
-0.860588253 
-0.692850113 
-0.792417228 
-0.863587081 
-0.812889397 
-0.935321808 
-0.788653553 
-0.785216808 
-0.959754765 
-0.978351653 
-0.927651882 
-0.951975644 
-0.913282335 
-0.333089113 
-0.891781986 
-0.436461002 
-1.58945716e-06 
-0.206506088 
-0.676284969 
-0.922079384 
-0.621330798 
-0.795668781 
-0.309627861 
-0.860459626 
-0.434466571 
-0.749300659 
-0.60642004 
-0.938426316 
-0.955599129 
-0.955599129 
-0.565834522 
-0.803311527 
-0.711562216 
-0.975630343 
-0.952070057 
-0.937912285 
-0.274759531 
-0.948636472 
-0.332488388 
-0.661617279 
-0.933086932 
-0.949092865 
-0.922765315 
-0.837759554 
-0.929140508 
-0.975516558 
-0.795235157 
-0.676223278 
-0.915679991 
-0.911215127 
-0.885103464 
-0.330548137 
-0.323754221 
-0.705092967 
-0.966508925 
-0.148184031 
-0.980981112 
-0.980981112 
-0.941066921 
-0.941066921 
-0.94339627 
-0.660117686 
-0.730787575 
-0.326006502 
-0.7545169 
-0.908848822 
-0.307132661 
-7.84794508e-07 
-0.942710698 
-0.97929281 
-0.97929281 
-0.99881047 
-0.919336855 
-0.85972172 
-0.887954414 
-0.870735824 
-0.320915788 
-0.699630678 
-0.942315757 
-0.644991577 
-0.848723114 
-0.755586922 
-0.841561258 
-0.910609782 
-0.817608178 
-0.285917431 
-0.979180157 
-0.979180157 
-0.979180157 
-0.959248364 
-0.945516109 
-0.895370483 
-0.389901847 
-0.925090969 
-0.950986385 
-0.859926283 
-0.00800709054 
-0.95557785 
-3.77496093e-07 
-0.870031655 
-0.739229202 
-0.958599269 
-0.917284787 
-0.913065135 
-0.931258023 
-0.963878334 
-0.940118492 
-0.86179179 
-0.991523743 
-0.974573195 
-0.883103848 
-0.79283905 
-0.327046305 
-0.528690338 
-0.63330549 
-3.97364289e-07 
-0.82642746 
-3.89913708e-07 
-0.666107595 
-0.696935713 
-0.330304295 
-0.333307117 
-0.616280019 
-0.572220981 
-0.668995798 
-0.875257671 
-0.332382888 
-0.704503834 
-0.778765976 
-0.961516798 
-0.904843807 
-0.906027317 
-1.06294954e-06 
-0.957410157 
-0.844390213 
-0.69865936 
-0.914598882 
-9.3380612e-07 
-0.728497088 
-0.815649092 
-0.0521018021 
-0.656528294 
-0.333325207 
-0.729462802 
-0.689220726 
-0.68486768 
-0.739441216 
-0.719795942 
-0.851067781 
-1.00831187e-06 
-0.615267992 
-0.814482033 
-0.699648678 
-0.909329593 
-0.718356311 
-0.981672108 
-0.794636071 
-0.880640984 
-0.325790405 
-0.949640572 
-0.935327351 
-0.984370232 
-0.851859272 
-0.631768763 
-0.81334132 
-0.571383178 
-0.589576781 
-0.893169403 
-0.91526556 
-0.551989317 
-0.100464664 
-0.837819755 
-0.23522222 
-0.746192992 
-1.24176347e-06 
-0.96477586 
-0.952854633 
-0.970489442 
-0.890093744 
-0.762030423 
-0.831722558 
-0.778452218 
-0.268953174 
-1.13248825e-06 
-0.63206619 
-0.873630226 
-0.861769378 
-0.313649625 
-0.824806035 
-0.923051357 
-0.90382272 
-0.944951832 
-0.918530285 
-0.901491702 
-0.939535439 
-0.331558228 
-0.970841169 
-0.797062159 
-0.317123324 
-0.983105898 
-0.83583498 
-0.962723911 
-0.962723911 
-0.882199705 
-0.899240792 
-1.54972076e-06 
-0.904595792 
-0.7705428 
-0.721261799 
-0.430138141 
-0.883531272 
-0.977335393 
-0.977335393 
-0.977335393 
-0.939886093 
-0.912084758 
-0.697153568 
-0.915570557 
-1.69873238e-06 
-0.198835135 
-0.774444401 
-0.280671567 
-0.979584038 
-0.936113894 
-0.909573853 
-0.590826571 
-0.875479043 
-0.245334938 
-0.884575903 
-0.941719532 
-0.736436307 
-0.954482973 
-0.934080899 
-0.836417675 
-0.710440874 
-0.848703206 
-0.867529869 
-0.666569173 
-0.333109826 
-0.763686836 
-0.280221492 
-0.00943466555 
-0.777440786 
-0.863143384 
-0.851263821 
-0.900725186 
-0.668408453 
-0.913585603 
-0.991116703 
-0.279548675 
-0.923199117 
-0.858139038 
-0.914151847 
-0.411806732 
-0.757786095 
-0.256273627 
-0.39929989 
-0.909583092 
-0.954824269 
-0.954824269 
-0.954824269 
-0.68720001 
-0.996613085 
-0.996613085 
-0.964652717 
-0.808299243 
-0.670792043 
-0.33333376 
-0.974692881 
-0.983783245 
-0.918561876 
-0.670945644 
-0.673959434 
-0.598467708 
-0.505796969 
-0.979155838 
-0.979155838 
-0.968905628 
-0.968905628 
-0.968905628 
-0.939244092 
-0.85505867 
-0.836224318 
-0.438717127 
-0.945755303 
-0.948054135 
-0.874403477 
-0.987307549 
-0.948321164 
-0.962977588 
-0.655143678 
-2.13583306e-07 
-0.615808487 
-0.823260009 
-3.57627869e-07 
-4.17232513e-07 
-0.682281017 
-3.56386096e-07 
-0.641956091 
-0.569622636 
-0.620615005 
-0.843958795 
-0.866520107 
-0.902812719 
-0.922151625 
-0.905739844 
-0.332176566 
-0.622142792 
-0.924496412 
-3.37759644e-07 
-0.346409887 
-0.466008425 
-0.573317766 
-0.750358641 
-0.98769027 
-0.972239256 
-0.848534405 
-0.962567866 
-0.962567866 
-0.898541629 
-0.31408307 
-0.770876408 
-0.664018333 
-0.740015328 
-0.321074933 
-0.793673694 
-0.973577976 
-0.864861727 
-0.893015444 
-0.746019185 
-0.147264004 
-0.739719391 
-0.82061559 
-0.210682929 
-0.483028889 
-0.0440539382 
-0.977233231 
-0.916689694 
-0.977076292 
-0.977076292 
-0.87317735 
-0.332788795 
-0.880099833 
-0.806957424 
-0.707532406 
-0.995923579 
-7.33882189e-07 
-0.979571044 
-0.979571044 
-0.837877452 
-0.952269614 
-0.760036051 
-0.935844958 
-0.898869455 
-0.770360947 
-0.899587929 
-0.823724091 
-0.937304735 
-0.900048554 
-0.787781894 
-0.903466284 
-0.751580656 
-0.697221994 
-0.84189254 
-0.76108098 
-0.89971894 
-3.47693771e-07 
-0.89335674 
-0.960672617 
-0.960672617 
-0.952558577 
-0.964441121 
-0.964441121 
-0.868416965 
-0.810912132 
-0.972646296 
-0.68087697 
-0.704881966 
-0.881237984 
-0.944925606 
-0.862873256 
-0.875222445 
-0.864561379 
-0.864561379 
-0.624933779 
-0.717689514 
-0.330302835 
-0.128476426 
-0.316876948 
-7.05321611e-07 
-0.943736076 
-0.872457564 
-0.595123649 
-0.927858889 
-0.273713976 
-1.88748047e-07 
-0.0656400099 
-0.661660135 
-0.972010434 
-0.982465506 
-0.906021118 
-0.875164449 
-0.972220957 
-0.954457581 
-0.833130836 
-0.987863243 
-0.874410212 
-0.79679662 
-0.72327739 
-0.912984073 
-0.76259923 
-0.32319054 
-0.975967586 
-0.164819881 
-0.855263054 
-0.329753309 
-0.990024388 
-0.988363564 
-0.9209463 
-0.874772012 
-0.629618466 
-0.282130212 
-0.940712035 
-0.832518399 
-0.269463778 
-0.910101652 
-0.611903965 
-0.760947526 
-0.883343518 
-0.299035937 
-0.332723856 
-2.98023224e-08 
-0.604968488 
-0.82930994 
-0.811120331 
-0.764663517 
-0.938396037 
-0.656524479 
-0.875630081 
-0.768066704 
-0.935473025 
-0.332660109 
-0.328065753 
-0.894848645 
-0.814693928 
-0.505441368 
-0.792621195 
-0.942054033 
-0.918232918 
-0.806512892 
-0.931948364 
-0.931948364 
-0.933159828 
-0.638734996 
-0.92272681 
-0.662031949 
-0.330833882 
-0.798196614 
-0.546149433 
-0.889535606 
-0.897867501 
-0.325737685 
-0.307820648 
-0.947997749 
-0.947997749 
-0.791225851 
-0.632915199 
-0.765475452 
-0.598341286 
-0.52618736 
-0.888193846 
-0.990892589 
-0.906615198 
-1.17222464e-06 
-1.29143393e-06 
-0.940088332 
-0.274490416 
-0.905402839 
-0.938035965 
-1.25169754e-06 
-0.956223726 
-0.89099741 
-0.603237212 
-0.33034277 
-0.738332689 
-0.971580088 
-0.978821933 
-0.978821933 
-0.881125391 
-0.271447659 
-0.521624148 
-0.939238787 
-0.850393772 
-0.599752843 
-0.303608745 
-0.772670269 
-0.879457295 
-0.877407014 
-0.81687355 
-0.797234118 
-0.343636721 
-0.856629372 
-0.92276454 
-0.867005408 
-0.332310289 
-0.677316666 
-0.295831203 
-0.500577867 
-0.768145859 
-0.79209131 
-0.785951436 
-0.472014099 
-0.88429141 
-0.984092772 
-0.915882587 
-0.846314192 
-0.888929546 
-0.256545633 
-0.965165138 
-8.44399153e-07 
-0.931784451 
-0.916456997 
-0.944089592 
-0.428979605 
-0.752201319 
-0.667752206 
-0.907863319 
-0.929596007 
-0.868784428 
-0.962693512 
-0.736725807 
-0.290405601 
-0.606704652 
-0.881386101 
-0.884707153 
-0.667144537 
-0.32545045 
-0.923601866 
-0.811727703 
-0.945339501 
-0.943935633 
-0.927103102 
-0.96382618 
-0.880446911 
-0.306822628 
-0.219763577 
-0.883979559 
-0.598553598 
-3.12924385e-07 
-0.666538239 
-0.922739685 
-0.775390863 
-0.773997068 
-0.924084187 
-0.909292698 
-0.212904274 
-0.305239707 
-0.333234906 
-0.675097167 
-0.93917197 
-0.890218258 
-0.875278771 
-0.266094446 
-0.969250679 
-0.987080157 
-0.943060696 
-0.589106023 
3.9736431e-08 
-0.970534742 
-0.970534742 
-0.179255262 
-0.652085245 
-0.80945617 
-0.92695713 
-0.33331126 
7.94728621e-08 
-0.368672609 
-0.888939857 
-0.927799225 
-0.884708583 
-0.992435753 
-0.990975559 
-0.855566323 
-0.949930668 
-0.849928677 
-0.331035107 
-0.97838521 
-0.817251205 
-0.917681038 
-0.940154374 
-0.308552176 
-0.316692501 
-0.277675271 
-0.914985001 
-0.332741827 
-0.837888539 
-0.324116141 
-0.962904215 
-0.938573658 
-0.938573658 
-0.931883812 
-0.575272381 
-0.964933872 
-0.817998588 
-0.948613942 
-0.844013453 
-0.681515932 
-0.304923177 
-0.818183601 
4.1226545e-07 
-0.775348425 
-0.950369835 
-0.71022898 
-0.744309247 
-0.928014517 
-0.959354401 
-0.565075576 
-0.329316527 
-0.7358706 
-0.969708025 
-0.951240361 
-0.855349004 
-0.552078247 
-0.901472986 
-0.713120162 
-0.944445789 
-0.321580052 
-0.919692338 
-0.314926982 
-0.973917961 
-0.846094608 
-0.329232723 
-0.341464132 
-0.830803394 
-0.877850711 
-0.921386659 
-0.962010086 
-0.962010086 
-0.807915032 
-0.805138409 
-1.98682155e-08 
-0.322955638 
-0.331267595 
-0.923028052 
-0.167150363 
-0.904429972 
-0.892794609 
-0.585113704 
-0.842635453 
-0.300964385 
-0.727376282 
-0.925445378 
-0.777513087 
-0.847739875 
-0.51758939 
-0.823456526 
-0.970205009 
-0.866397679 
-0.870709956 
-0.822928905 
-0.858095109 
-0.979046583 
-0.806748569 
-0.950512409 
-0.294059187 
-0.303150713 
-0.631625354 
-7.25189864e-07 
-0.769569457 
-0.878221512 
-0.315040737 
-0.382986516 
-0.769496262 
-0.819726408 
-0.958847821 
-0.958847821 
-0.977293313 
-0.898216486 
-0.771020114 
-0.886827469 
-0.0160923153 
-0.873789489 
-0.953794658 
-0.9581725 
-0.948705018 
-0.948705018 
-0.988747895 
-0.984039962 
-0.950132668 
-0.599723637 
-0.596887827 
-0.683372319 
-0.592250824 
-0.680027008 
-0.730632305 
-0.309356004 
-0.733006001 
-0.161436081 
-2.78154999e-07 
-0.646007955 
-0.854269803 
-0.957449973 
-0.976626694 
-0.716737568 
-0.884008944 
-0.826891661 
-0.91178441 
-6.55651093e-07 
-0.0954064503 
-6.70552254e-07 
-0.712162971 
-0.638344288 
-0.676872492 
-0.304066688 
-9.13937868e-07 
-0.703568757 
-0.53198868 
-0.317470521 
-9.73542569e-07 
-0.621726215 
-0.875464439 
-0.902441561 
-0.949254692 
-0.930746615 
-0.963710129 
-0.426768422 
-0.896876156 
-0.845387638 
-0.696003139 
-0.96868974 
-0.939712346 
-1.39077508e-06 
-0.875319183 
-0.969568193 
-0.982900441 
-0.982900441 
-0.805490255 
-0.950028718 
-0.900177181 
-0.981964529 
-0.333237439 
-0.959529698 
-0.747703254 
-0.975758255 
-0.924626827 
-0.860130787 
-0.866795301 
-0.570774317 
-0.905469418 
-0.823038518 
-0.333330601 
-1.41064322e-06 
-0.309949279 
-0.826910317 
-0.384436816 
-0.785253465 
-0.883524895 
-0.58366698 
-0.889579594 
-0.957877219 
-0.850533962 
-0.688478649 
-1.33117044e-06 
-0.958734274 
-0.918417454 
-0.871003807 
-0.706421137 
-0.819844484 
-0.881273508 
-0.773891628 
-0.800010145 
-0.916727066 
-0.916727066 
-0.916727066 
-0.539873719 
-0.28128314 
-1.47024787e-06 
-0.78811425 
-0.75145942 
-0.222704604 
-0.700246513 
-0.9509359 
-0.861649215 
-0.713206291 
-0.815390527 
-0.946523368 
-0.861715019 
-0.954326808 
-0.929602087 
-0.652310312 
-0.465795994 
-0.725674093 
-0.99487859 
-0.888813674 
-0.0527219661 
-0.826674938 
-0.90307802 
-1.39077508e-06 
-0.841052473 
-0.866127729 
-0.757788122 
-0.85738343 
-1.58697367e-06 
-0.924434483 
-0.612814426 
-0.901692092 
-0.981862247 
-0.981862247 
-0.981862247 
-0.862760365 
-0.298263878 
-0.966033638 
-0.96413517 
-0.974707305 
-0.58148092 
-0.415106446 
-0.333025932 
-0.244652867 
-0.88908273 
-0.782296181 
-0.773450851 
-0.802897513 
-0.595603406 
-0.959209502 
-0.965990603 
-0.884092569 
-0.672855556 
-0.943675518 
-0.943675518 
-0.879839242 
-0.669064283 
-0.811140597 
-0.701778889 
-0.300449222 
-0.554181278 
-0.33308512 
-0.754151046 
-0.50837785 
-0.328450143 
-2.10603071e-06 
-0.821629047 
-0.349454165 
-0.945400774 
-0.92324239 
-0.241413102 
-0.695129931 
-0.699950874 
-0.943381488 
-0.900115967 
-0.799059927 
-0.504512072 
-0.643268228 
-0.890779436 
-0.794224203 
-0.880553186 
-0.915805161 
-1.76827109e-06 
-0.852152824 
-0.944566071 
-0.944566071 
-0.98117739 
-0.9832142 
-0.730590999 
-0.955796242 
-0.930063903 
-0.954682827 
-0.954682827 
-1.66893005e-06 
-0.322178394 
-0.798545778 
-0.784997463 
-0.197336271 
-0.957707882 
-0.914502144 
-0.692719638 
-0.283985317 
-0.709114075 
-0.753588617 
-0.958210766 
-0.744815826 
-0.950268984 
-0.906492054 
-0.723697007 
-0.993492424 
-0.993492424 
-0.99242419 
-0.98555398 
-0.938510895 
-1.7285347e-06 
-0.248497263 
-0.67189461 
-2.00668978e-06 
-0.68483609 
-0.939258873 
-0.910656273 
-0.81166333 
-0.274486303 
-0.773489177 
-0.33112815 
-0.982058346 
-0.691866815 
-0.886545122 
-0.883642375 
-0.696366608 
-0.949626446 
-0.939850032 
-0.975323379 
-0.960809529 
-0.786939323 
-0.78164643 
-0.828492165 
-0.659473717 
-0.919667482 
-0.528304696 
-0.983968914 
-0.740087032 
-0.673422039 
-0.905096829 
-0.857288897 
-0.924737275 
-0.317499369 
-0.634359419 
-1.39077508e-06 
-0.94470644 
-0.91986537 
-0.97142458 
-0.640414774 
-0.991973639 
-0.527965248 
-0.331254393 
-0.269500375 
-0.212621972 
-0.805624962 
-1.56958902e-06 
-0.810043991 
-0.506460249 
-0.906356514 
-0.912891448 
-1.28149986e-06 
-0.85834837 
-0.943324804 
-0.949991763 
-0.882179916 
-0.932229102 
-0.535532892 
-0.863049507 
-0.918181598 
-0.952020168 
-0.300536126 
-0.724753201 
-0.678580999 
-0.221624374 
-0.717674553 
-0.569473684 
-0.324276298 
-0.817543745 
-0.754881322 
-0.900299609 
-0.974400759 
-0.830790699 
-0.742117882 
-0.919975936 
-0.657665431 
-0.918993652 
-0.805952549 
-0.319806576 
-0.319793582 
-0.784458637 
-0.327641159 
-0.918864548 
-0.914552629 
-0.935353279 
-0.991984665 
-0.692259967 
-0.941035271 
-0.864659786 
-0.933196545 
-0.776493132 
-0.888971627 
-0.922357559 
-0.881130517 
-0.330023259 
-0.980362236 
-0.333236694 
-0.544217944 
-0.962583363 
-0.800230682 
-0.83972007 
-0.145472661 
-0.927909553 
-0.927909553 
-0.657967925 
-0.928671598 
-0.968605936 
-0.829204738 
-0.916737735 
-0.839975357 
-0.960544109 
-0.9842875 
-0.909239113 
-0.474097639 
-0.98969239 
-0.927238464 
-0.934764683 
-0.920816898 
-0.951687038 
-0.838378429 
-0.330321014 
-0.82497853 
-0.818299234 
-0.700111687 
-0.788677692 
-0.847946703 
-0.171060428 
-0.806857586 
-0.919817388 
-0.926041365 
-0.901851892 
-0.871089935 
-0.874963343 
-2.44379044e-06 
-0.948147953 
-0.873330534 
-0.923392773 
-0.923392773 
-0.72120446 
-0.647877157 
-0.810911238 
-0.963163197 
-0.0410582386 
-0.939794064 
-0.939794064 
-0.145105213 
-0.995203793 
-0.995203793 
-0.995203793 
-0.876570225 
-0.748435795 
-0.855130196 
-0.568418682 
-0.330568194 
-0.913071692 
-0.836596191 
-0.659556568 
-0.621505797 
-0.822818458 
-0.252876222 
-0.867427588 
-0.631002903 
-0.492833525 
-0.950214148 
-0.681007445 
-1.52985251e-06 
-0.326971263 
-0.313498855 
-0.809081078 
-1.49011612e-06 
-0.332946301 
-0.327460289 
-1.56958902e-06 
-0.30028525 
-0.602994263 
-0.333143622 
-0.902078927 
-0.896944523 
-0.842115402 
-0.0209629331 
-0.805400074 
-0.972940147 
-1.37090683e-06 
-1.58076489e-06 
-0.836072445 
-0.937262237 
-0.913948715 
-0.975361645 
-0.893890381 
-0.967837036 
-0.333270431 
-0.93521136 
-0.936499119 
-0.757921994 
-0.684307396 
-0.844498932 
-0.590118229 
-0.298633486 
-0.691828787 
-0.332396418 
-0.221326545 
-0.862280548 
-0.325350404 
-0.81048274 
-0.908458233 
-0.394677669 
-0.975704491 
-0.557403743 
-0.731947124 
-0.884711266 
-0.905338466 
-0.869205892 
-0.749473572 
-0.261547178 
-0.00852590892 
-0.962366045 
-0.748216331 
-0.865322769 
-0.863016665 
-0.846585453 
-0.871424973 
-0.896772087 
-0.943489015 
-0.928380013 
-0.687042773 
-0.843689442 
-0.740673006 
-0.958488464 
-0.951596558 
-0.272947162 
-0.821300507 
-0.918403149 
-0.848931015 
-0.243773118 
-0.231278107 
-0.853623331 
-0.936040103 
-0.854027569 
-0.782689154 
-0.629934132 
-0.793039799 
-0.944325268 
-0.306450635 
-0.379020542 
-0.950775146 
-0.816478252 
-0.761426449 
-0.884420633 
-0.652205706 
-0.685625315 
-0.0846452788 
-0.940845549 
-2.10603071e-06 
-0.877278805 
-0.331222266 
-0.332660019 
-0.873118579 
-0.595010817 
-0.686309338 
-0.843264341 
-0.31135115 
-0.861728191 
-0.938159168 
-0.900226116 
-0.806090832 
-0.865092933 
-0.865092933 
-0.969965875 
-0.258443356 
-0.333267689 
-0.91039896 
-0.748895407 
-0.81976217 
-0.943698883 
-0.332003474 
-0.680304229 
-0.879872143 
-0.713342011 
-0.921467483 
-0.329964906 
-0.674388111 
-0.916585922 
-0.878283322 
-0.818452656 
-0.874216855 
-0.928591251 
-0.798747003 
-0.612034142 
-0.884203494 
-0.85110563 
-0.388387829 
-0.969239235 
-0.572517216 
-0.858043373 
-0.780243576 
-0.943049252 
-0.945332468 
-0.806235731 
-0.279482275 
-0.845364094 
-0.878457546 
-0.926952183 
-0.918043852 
-0.989799917 
-0.875343859 
-0.621303558 
-0.3320297 
-0.925329447 
-0.776908576 
-0.839663029 
-0.830480397 
-0.636284292 
-0.650715828 
-1.82539225e-06 
-0.328645378 
-0.950967729 
-0.574153125 
-0.891527414 
-0.772482574 
-0.677777767 
-0.329478353 
-0.731604517 
-0.77788502 
-0.896189511 
-0.946543396 
-0.953109026 
-0.33259663 
-0.975962877 
-0.975962877 
-0.797534466 
-0.933567822 
-0.333193988 
-0.815947533 
-0.997951567 
-0.997951567 
-0.700305283 
-0.72082442 
-0.975823581 
-0.00972963404 
-0.318671197 
-0.870940864 
-1.52985251e-06 
-0.904802322 
-0.658871114 
-0.817606926 
-0.765786231 
-0.977476537 
-0.963265717 
-0.00821989775 
-0.93192941 
-0.855082691 
-0.69256562 
-0.6849491 
-0.765472591 
-0.534865439 
-0.826466382 
-0.942174613 
-0.695862114 
-0.540468276 
-0.308538228 
-0.803457081 
-0.661425591 
-0.828920841 
-0.637040377 
-0.879531682 
-0.870426953 
-0.868112862 
-0.922157943 
-0.724286616 
-0.123041429 
-0.888855934 
-0.74966383 
-0.753174841 
-0.278416932 
-0.239570215 
-0.824530423 
-0.941328585 
-0.421058089 
-0.958522141 
-0.909285247 
-0.33318302 
-0.984739125 
-0.249120906 
-0.41164282 
-0.88577652 
-0.294791311 
-0.270407885 
-0.721091926 
-0.850150764 
-0.331672579 
-0.911795795 
-0.320348531 
-0.968636036 
-0.315740317 
-0.558376849 
-0.782300949 
-0.303797513 
-0.762547195 
-0.971530497 
-0.889945209 
-0.915980339 
-0.588402212 
-0.897003472 
-0.329562306 
-0.90195328 
-0.285143703 
-0.926479518 
-0.95172292 
-1.47024787e-06 
-0.765676022 
-0.775549412 
-0.973860562 
-0.285456687 
-0.969993293 
-0.969993293 
-0.969993293 
-0.969993293 
-0.967190564 
-0.826381028 
-0.65542239 
-0.907756031 
-0.877539158 
-0.909491956 
-0.910874367 
-0.957476616 
-0.328732997 
-0.290201843 
-0.898369312 
-0.70467931 
-0.315614074 
-0.752432048 
-0.935142517 
-0.912888288 
-0.746635616 
-0.74870652 
-0.909828603 
-0.909828603 
-0.909828603 
-0.490077496 
-1.43051147e-06 
-0.312172979 
-0.43750295 
-0.767744541 
-0.863697529 
-0.868016779 
-1.35103858e-06 
-0.89385128 
-0.921619713 
-0.478125572 
-0.475947767 
-0.769325018 
-0.584137261 
-0.932145894 
-0.440552711 
-0.734327972 
-0.23783201 
-0.518151462 
-0.846554935 
-0.986296117 
-0.960420847 
-0.858038902 
-0.91513437 
-0.945416927 
-0.976420403 
-0.328109771 
-0.836174428 
-0.974864721 
-0.889459908 
-0.771108866 
-1.6490618e-06 
-1.78813934e-06 
-0.626693249 
-0.955084622 
-0.564324558 
-0.968916953 
-0.872014284 
-0.310016721 
-0.92740202 
-0.302208841 
-0.824140728 
-0.971932173 
-0.833140075 
-1.62919366e-06 
-0.458665639 
-0.594572604 
-0.330450684 
-0.958399534 
-0.611199558 
-0.0424429812 
-0.318765104 
-0.934839725 
-0.9314363 
-0.929477692 
-0.65976125 
-0.258408546 
-0.215937391 
-0.848815501 
-0.308366895 
-0.923801184 
-0.878858387 
-0.625611544 
-0.840391934 
-1.23182929e-06 
-0.841496646 
-0.941330373 
-0.972725809 
-0.879393101 
-0.713065922 
-1.09275186e-06 
-0.52752471 
-0.851232052 
-0.86281538 
-0.894791424 
-8.34465027e-07 
-0.850138366 
-0.787053645 
-0.937129438 
-0.937129438 
-0.779918969 
-0.894569695 
-0.861469269 
-0.912602901 
-0.801745653 
-0.817559242 
-0.772883415 
-0.948148727 
-0.890391886 
-0.890391886 
-0.999451935 
-0.893967927 
-0.306199461 
-0.913481534 
-0.984488666 
-0.932836533 
-0.822025537 
-0.997429192 
-0.287276357 
-0.888251543 
-0.753510773 
-0.982987821 
-0.982987821 
-0.845724106 
-0.7998541 
-0.970990121 
-0.737586498 
-0.510169148 
-0.981253922 
-0.864698231 
-0.898960173 
-6.55651093e-07 
-0.332992226 
-0.346248299 
-0.0299946535 
-0.328092337 
-0.724215329 
-0.863405287 
-0.647819579 
-0.787115812 
-0.180842862 
-0.595111549 
-0.289736748 
-0.870817363 
-0.927507401 
-0.944184303 
-0.864597797 
-0.660638034 
-0.773561001 
-0.60240531 
-0.00568325678 
-0.983672619 
-0.983672619 
-0.963156641 
-0.963156641 
-0.780410588 
-0.600422561 
-0.332963318 
-0.873771369 
-0.941301346 
-0.242827728 
-0.940413773 
-0.899432659 
-0.674259186 
-0.921820819 
-0.895453632 
-0.979288757 
-0.823107243 
-1.07288361e-06 
-0.773367107 
-8.74201476e-07 
-0.941794932 
-0.974985123 
-0.758493423 
-8.76684965e-07 
-7.94728578e-07 
-0.891628087 
-0.269839317 
-0.630325019 
-0.671322584 
-0.613245726 
-0.636726677 
-0.905333519 
-5.36441803e-07 
-0.910672426 
-5.26507677e-07 
-0.313894242 
-0.834323704 
-0.91592294 
-0.91592294 
-0.977017462 
-0.499016523 
-0.316249043 
-0.836030483 
-0.265903056 
-0.329266697 
-0.315991908 
-0.295391232 
-0.905004978 
-0.987341404 
-0.325794995 
-0.811072528 
-0.737884998 
-0.877018213 
-0.867281616 
-0.880086124 
-0.717232525 
-0.659483373 
-0.772487164 
-0.588055551 
-0.672038257 
-0.112710178 
-0.693082035 
-0.30533886 
-0.98009634 
-0.98009634 
-0.769251168 
-0.943608582 
-0.943608582 
-0.922315896 
-0.292271256 
-0.878939152 
-0.880069315 
-0.281360298 
-0.293600917 
-0.171040818 
5.38925349e-07 
-0.333331406 
-0.783045709 
-0.861043274 
-0.72348398 
-0.996494949 
-0.996494949 
-0.996494949 
-0.993636787 
2.78154999e-07 
-0.173504129 
-0.643083155 
1.93715096e-07 
-0.94517535 
-0.902948201 
-0.839776993 
-0.313451737 
1.98682145e-07 
-0.152966574 
-0.329264969 
-0.591504812 
-0.89910537 
-0.871516883 
-0.0360930897 
-0.881549358 
-0.932281494 
-0.308952451 
-0.708980739 
-0.96349144 
-0.967319191 
-0.304069877 
-0.158500329 
-0.661547959 
-0.13075684 
-0.793487251 
-0.978354275 
-0.290154815 
-0.910670698 
-0.32723394 
-0.942446232 
-0.77932328 
-0.560967207 
-0.646831989 
-0.332698822 
-0.84475404 
-0.940817654 
-0.310799837 
-0.945499897 
-0.898322105 
-1.98682145e-07 
-0.994899988 
-0.732783854 
-0.93860358 
-0.992963374 
-0.846072674 
-0.955677748 
-0.684891522 
-0.823773563 
-0.660505831 
-0.659964025 
-0.594107211 
-0.948046386 
-0.133826166 
-0.782184124 
-0.227005646 
-0.678130627 
-3.97364289e-07 
-0.895684302 
-0.983316123 
-0.983316123 
-0.648143768 
-0.872373343 
-0.642183363 
-0.306957424 
-0.980763674 
-0.980763674 
-0.975028515 
-0.866914451 
-0.867331505 
-0.745366633 
-0.663876534 
-0.675768554 
-0.643337905 
-0.923836231 
0.0 
-0.330703199 
-0.26395914 
-0.930068314 
-0.904456317 
-0.936523438 
-0.809497893 
-0.738101542 
-0.668964863 
1.1920929e-07 
-0.331816167 
-0.849764645 
-0.98968631 
-0.951675415 
-0.958548248 
-0.316926688 
-0.882688284 
-0.653721809 
-0.971104681 
-0.873193264 
-0.0947477296 
-0.681461155 
2.18550369e-07 
2.78154999e-07 
-0.776502788 
-0.797914684 
-0.240252852 
-0.843434155 
1.390775e-07 
-0.776927233 
-0.97370261 
-0.97370261 
-0.898077428 
-0.697315395 
1.58945724e-07 
-0.333291918 
-0.77972275 
1.390775e-07 
-0.753217936 
-0.747696161 
-0.979842663 
-3.27825546e-07 
-0.827219009 
-0.274953932 
-0.76339823 
-0.715391934 
-0.329389602 
-0.877529919 
-0.727203071 
-0.868799269 
-0.992755413 
-0.973034203 
-0.766741455 
-0.240304232 
-0.306027412 
-0.331945926 
-0.856636703 
-0.25257206 
-0.26750645 
-0.90579623 
-0.853828132 
-0.940441668 
-0.678774059 
-0.848079264 
-0.855814457 
-0.855087757 
-0.934666336 
-0.865656674 
-6.75519289e-07 
-0.701559365 
-0.437406689 
-0.49803552 
-0.981605947 
-0.835272133 
-0.877895534 
-0.842673957 
-0.88512224 
-0.506748378 
-0.326256633 
-0.328648716 
-0.996233463 
-0.949320257 
-0.834393024 
-0.830457866 
-0.985237896 
-0.656891644 
-0.705181897 
-0.841018856 
-0.945126534 
-0.945126534 
-0.925166428 
-0.925166428 
-0.865297318 
-0.239367291 
-0.693711102 
-0.827285528 
-0.916514099 
-0.868967235 
-0.946905315 
-0.749767482 
-0.694153607 
-0.103533186 
-0.734615386 
-0.796249211 
-0.329459637 
-0.88682586 
-0.88682586 
-0.9713673 
-0.894613087 
-0.813233614 
-0.239423081 
-0.00594349625 
-0.848052979 
-0.916274846 
-0.673451126 
-0.282075971 
-0.32693401 
-0.856420934 
-0.333199531 
-0.885483921 
-0.936715186 
-0.88751775 
-0.978809297 
-1.09275186e-06 
-1.1920929e-06 
-0.954588413 
-0.766949177 
-0.642400622 
-0.331866294 
-0.949311435 
-0.889400482 
-0.565651357 
-1.45037973e-06 
-1.25169754e-06 
-0.208624557 
-0.995062292 
-0.602992237 
-0.0959599018 
-0.908695519 
-0.751679242 
-0.664527655 
-0.757667243 
-0.320213407 
-1.17222464e-06 
-0.995138466 
-0.84766978 
-0.899480045 
-0.964977801 
-0.430325747 
-0.928174675 
-0.249203369 
-0.597014487 
-0.952691078 
-0.329949498 
-0.872868955 
-0.930391371 
-0.7543208 
-0.897366822 
-0.636187136 
-0.187858164 
-0.926276207 
-0.927083731 
-0.835954666 
-1.37090683e-06 
-1.3808409e-06 
-0.315090805 
-0.30170998 
-0.663851678 
-0.804157734 
-0.982632697 
-0.942257345 
-0.404650718 
-0.847695529 
-0.850765944 
-0.796968937 
-0.985113382 
-0.478508145 
-0.846165359 
-0.932806194 
-0.942760944 
-0.967817962 
-0.967817962 
-0.97662133 
-0.775798023 
-0.929056704 
-0.914729774 
-0.333108783 
-0.981071472 
-0.958039284 
-0.950295031 
-0.718736172 
-0.73555845 
-0.819268703 
-0.79738158 
-0.742136955 
-0.840797603 
-0.587881505 
-0.783011734 
-0.00682138838 
-0.709847987 
-0.3011868 
-0.920321643 
-0.896775544 
-8.54333223e-07 
-8.94069672e-07 
-0.839030445 
-0.823882282 
-0.93551749 
-7.94728578e-07 
-0.33121258 
-0.934102356 
-0.324418545 
-0.868121922 
-0.33314088 
-0.317802638 
-0.970636666 
-0.958077192 
-0.886068881 
-0.798986197 
-0.899661005 
-0.587846875 
-0.322744638 
-8.14596831e-07 
-0.876349449 
-0.988635302 
-0.931132615 
-0.84523195 
-0.309061587 
-0.863890409 
-0.867778778 
-0.894162834 
-0.602247 
-0.476767391 
-0.660118878 
-0.890861809 
-0.925137222 
-0.905901372 
-0.915008545 
-0.953324974 
-0.897988617 
-0.848309338 
-0.851226807 
-0.0101456838 
-0.645902038 
-0.649318039 
-4.56968934e-07 
-0.241287217 
-0.94720751 
-0.936181307 
-0.689163208 
-0.687930346 
-0.662544549 
-0.307811737 
-0.169999346 
-0.333160251 
-0.864365399 
-8.74201476e-07 
-8.94069672e-07 
-0.845554352 
-0.833406389 
-0.891886532 
-0.979090631 
-0.925497949 
-0.973877251 
-0.708521068 
-0.307296813 
-0.625972211 
-0.319367617 
-0.935972631 
-0.938236237 
-0.827550888 
-0.870428979 
-0.908010185 
-0.680938065 
-0.289646894 
-0.837511957 
-0.966644585 
-0.868979275 
-0.620831311 
-0.878639877 
-0.893077075 
-0.330337226 
-1.6490618e-06 
-0.938829243 
-0.805965602 
-0.638735473 
-0.930001736 
-1.37090683e-06 
-0.213179708 
-0.75488472 
-0.329779714 
-0.693378985 
-0.333327919 
-0.716780603 
-0.954667985 
-0.0257989932 
-0.33024478 
-0.702848375 
-0.910146713 
-0.986015081 
-8.34465027e-07 
-0.937805355 
-0.853424847 
-0.524750769 
-8.54333223e-07 
-0.972847939 
-0.787944317 
-0.0108391875 
-8.60542059e-07 
-0.85746479 
-0.8169083 
-0.860672295 
-0.98212862 
-0.559292257 
-0.905835867 
-0.945689201 
-0.868908882 
-0.969704151 
-0.969704151 
-0.977948368 
-0.94299078 
-0.920604944 
-0.653289378 
-0.841694355 
-0.894029796 
-0.713841736 
-0.498889595 
-0.972059548 
-0.330530614 
-0.710180581 
-0.900033295 
-0.933035851 
-0.914725125 
-0.853532493 
-0.89489007 
-0.613562942 
-0.646676004 
-0.972758055 
-0.845440865 
-0.83338052 
-0.805064142 
-0.741771758 
-0.306557059 
-0.972571552 
-0.94926852 
-0.925643206 
-0.717248261 
-0.923506737 
-0.889999866 
-1.1523565e-06 
-0.984697819 
-0.928656161 
-1.01327896e-06 
-0.960710824 
-1.0343889e-06 
-0.658692658 
-0.323367864 
-0.792475998 
-0.811197817 
-0.912917793 
-0.853915989 
-0.323615938 
-0.816373885 
-0.972994506 
-0.973482549 
-0.942200363 
-0.935316861 
-0.698900461 
-0.829168975 
-0.794715703 
-0.326588869 
-0.813928783 
-0.333236545 
-0.839623749 
-0.829916298 
-0.985557973 
-9.4374019e-07 
-0.710753202 
-0.909400403 
-0.825378597 
-0.920064509 
-0.689201415 
-0.639810264 
-0.866766632 
-0.975730419 
-0.975730419 
-0.638123453 
-0.61695528 
-0.828508139 
-0.311476856 
-0.968586385 
-0.968586385 
-0.973769367 
-0.241676152 
-0.838641107 
-0.905884504 
-0.983592093 
-0.946707428 
-0.971704304 
-0.940165699 
-0.753825366 
-0.836662471 
-0.872997105 
-0.872572839 
-0.978974819 
-0.978974819 
-0.871680021 
-0.808553994 
-0.973540545 
-0.973540545 
-0.855324268 
-0.875328243 
-0.897732437 
-0.997247756 
-0.879680634 
-6.35782897e-07 
-0.332919776 
-5.76178252e-07 
-0.953999937 
-0.909896672 
-0.954017818 
-0.962755144 
-0.984420121 
-0.978065729 
-0.926656425 
-0.291747093 
-0.25112167 
-0.601663589 
-0.925248563 
-4.0854016e-07 
-0.985905647 
-0.967688143 
-0.961725056 
-0.977962017 
-0.850908756 
-3.97364289e-07 
-0.297134668 
-0.911270916 
-0.49196589 
-0.979568779 
-0.701546192 
-0.620495439 
-0.823085785 
-0.910348415 
-0.567020416 
-0.98384732 
-0.863817215 
-0.997173548 
-0.988196373 
-0.986199915 
-0.971619785 
-0.955235958 
-0.985947311 
-0.932796657 
-0.884105861 
-0.985750973 
-0.32233575 
-0.713123143 
-0.974255323 
-0.973408222 
-0.993060768 
-0.88119334 
-0.522723496 
-8.14596831e-07 
-0.532450616 
-9.53674316e-07 
-0.707061946 
-0.888644874 
-0.692938626 
-0.863020003 
-0.836743057 
-0.935514927 
-0.870711982 
-0.991644382 
-0.84637481 
-0.657702684 
-0.664266765 
-1.39077508e-06 
-0.502008319 
-0.803183377 
-0.971081555 
-0.890467227 
-1.26163161e-06 
-0.898307085 
-0.911502659 
-0.62833935 
-0.904964268 
-0.912362874 
-1.1523565e-06 
-0.77389437 
-0.858437121 
-0.91941613 
-0.24939543 
-0.908590972 
-0.881655991 
-0.932884872 
-0.932930768 
-0.76649195 
-0.332716584 
-0.704814911 
-0.973631084 
-0.746796429 
-0.639472425 
-0.781241119 
-0.719059527 
-0.684969604 
-0.868695498 
-0.88095969 
-0.998529375 
-0.998529375 
-0.926843822 
-0.883081257 
-0.914936066 
-0.851975977 
-0.808242321 
-0.828991413 
-0.552553833 
-0.924742699 
-0.819652617 
-0.810655892 
-0.306529492 
-0.299155265 
-0.860479653 
-0.257463753 
-0.793583214 
-0.901325881 
-0.773696601 
-0.715163171 
-0.800930798 
-0.860384464 
-0.84521395 
-0.642589509 
-0.295443296 
-0.750052154 
-0.891302109 
-0.188244656 
-0.332690686 
-0.70724231 
-2.30471301e-06 
-2.36431765e-06 
-0.791333377 
-0.571851432 
-2.12589907e-06 
-0.931919038 
-0.905106544 
-0.893517494 
-0.726017475 
-0.818998575 
-0.708770096 
-0.841579437 
-0.884993255 
-0.890328705 
-0.515257359 
-0.67555958 
-2.22524e-06 
-0.884365141 
-0.957534075 
-0.957534075 
-0.902219534 
-0.902768135 
-0.278106004 
-0.921789944 
-0.815357625 
-0.623913586 
-0.822797477 
-0.141112909 
-2.34444929e-06 
-0.719639599 
-0.918540657 
-2.4239223e-06 
-0.649087429 
-0.692061424 
-0.676321983 
-0.302555829 
-0.33303988 
-0.868895531 
-0.91083622 
-0.71291846 
-2.58286786e-06 
-0.981814086 
-0.934675395 
-0.920489788 
-0.660928488 
-0.75411123 
-0.996459663 
-0.996459663 
-0.919420302 
-0.316469431 
-0.947513342 
-0.953496158 
-0.940192699 
-0.315696806 
-2.58286786e-06 
-0.28826502 
-0.300996304 
-0.681630909 
-0.218290016 
-0.917644441 
-0.268027753 
-0.388757676 
-0.594974339 
-0.260797679 
-0.937031448 
-0.718191087 
-0.016336618 
-0.621365011 
-0.266016066 
-0.333259672 
-0.276158065 
-0.876140177 
-0.965319335 
-2.7616818e-06 
-0.986573875 
-0.835999727 
-0.314986855 
-0.884227753 
-0.929435253 
-2.88089109e-06 
-0.828848362 
-0.758359611 
-0.668805778 
-0.897935629 
-2.77161598e-06 
-0.844485462 
-3.01996874e-06 
-0.898555577 
-0.88479805 
-0.332619995 
-0.937644184 
-0.937644184 
-0.937644184 
-0.303257853 
-0.32993415 
-0.993101656 
-0.911891222 
-0.971923411 
-0.971923411 
-0.891998291 
-0.328268617 
-0.945033252 
-0.570280135 
-0.322186917 
-0.801730335 
-0.900998116 
-0.655438662 
-0.917887986 
-0.284776092 
-0.762918532 
-0.664845824 
-0.92321378 
-0.933614016 
-0.859566748 
-0.895599663 
-0.968551159 
-0.675713241 
-0.89084357 
-0.323948979 
-0.739720643 
-0.715870678 
-0.117680348 
-0.913608372 
-0.878530264 
-0.891427338 
-0.823260128 
-0.78779453 
-0.32104212 
-0.974571526 
-0.751216412 
-0.813745677 
-0.731793225 
-0.280952275 
-0.124134697 
-0.932856083 
-0.987170041 
-0.813036263 
-0.973345518 
-0.849183559 
-2.98023224e-06 
-3.03983688e-06 
-0.895731628 
-3.17891431e-06 
-3.19878268e-06 
-0.853289366 
-0.956813157 
-0.755635262 
-0.972336948 
-0.944176853 
-0.972536385 
-0.282974929 
-3.41981649e-06 
-0.934835196 
-0.908773839 
-3.74515844e-06 
-0.917993367 
-0.332862377 
-0.663584471 
-3.65823507e-06 
-0.0166568588 
-0.790667772 
-0.0156978201 
-0.863584995 
-0.300041437 
-0.700295627 
-0.777086258 
-0.979835093 
-0.694468677 
-0.981461585 
-0.812487185 
-0.00847485382 
-0.737438679 
-0.349809021 
-0.3159751 
-0.886392891 
-0.992736638 
-0.333053142 
-0.898399651 
-0.898399651 
-0.916897118 
-0.870489776 
-0.92549324 
-0.863105834 
-0.727996051 
-0.934293091 
-0.916766882 
-0.25002405 
-0.808938801 
-0.982001603 
-0.842210948 
-0.455640107 
-0.57460469 
-0.973050773 
-0.823209584 
-0.973438561 
-0.975844085 
-0.874858379 
-0.978217661 
-0.978217661 
-0.714242995 
-0.207582518 
-0.333005637 
-3.47693754e-06 
-0.957265556 
-0.984909713 
-0.699744284 
-0.865587413 
-0.926418364 
-0.870228827 
-0.896549702 
-0.93813771 
-0.93813771 
-0.956131756 
-0.809251606 
-3.24348616e-06 
-0.874571145 
-0.907445908 
-0.964591086 
-0.964591086 
-0.922993422 
-0.768383324 
-0.964268148 
-0.964268148 
-0.932541072 
-0.208625391 
-0.888659656 
-0.927025318 
-0.756403744 
-0.979677022 
-0.832347691 
-0.949890077 
-0.607971668 
-0.68166095 
-0.826485932 
-0.967748344 
-0.864581883 
-0.878369331 
-0.896002054 
-0.334767014 
-0.941214383 
-0.962047279 
-0.932067215 
-0.244873658 
-0.835998058 
-0.924574673 
-0.961832285 
-0.693970442 
-0.76607579 
-3.99847841e-06 
-0.64305371 
-0.939246356 
-0.683004677 
-0.821894467 
-0.946768999 
-0.816527307 
-0.811528504 
-0.798025787 
-0.289604038 
-0.583621264 
-0.847589433 
-0.816218674 
-0.893882453 
-3.9935112e-06 
-0.887214661 
-0.966263115 
-0.966263115 
-0.964590371 
-0.136522159 
-0.966219664 
-0.966219664 
-0.328294009 
-4.1003027e-06 
-0.964414358 
-0.987837493 
-0.723514318 
-0.909094393 
-0.768325031 
-0.959729016 
-0.938843071 
-0.91329819 
-0.967380524 
-0.89615804 
-0.902356625 
-0.924679458 
-0.958945453 
-3.77558172e-06 
-3.81469727e-06 
-0.278775692 
-0.800244033 
-0.940933406 
-0.940933406 
-0.684402227 
-0.565615475 
-0.833676577 
-0.974946916 
-0.982403278 
-0.482089996 
-0.854862154 
-0.916894853 
-0.907328069 
-0.616143644 
-0.922893345 
-0.925782859 
-0.284241587 
-0.854556024 
-0.882859707 
-0.876090229 
-0.94972986 
-0.870139837 
-0.209627688 
-0.748298466 
-0.974958479 
-0.722155571 
-0.900512278 
-0.932616055 
-0.869672358 
-0.866232097 
-0.589281857 
-0.803929329 
-0.874989033 
-0.931877553 
-0.865103066 
-0.849193811 
-4.13258886e-06 
-0.894245923 
-0.9177472 
-0.315499336 
-0.81764859 
-0.988824666 
-0.988824666 
-0.636116505 
-4.30146838e-06 
-0.91447264 
-0.886392117 
-0.917113006 
-0.971783876 
-4.25179815e-06 
-0.804840088 
-0.269545555 
-0.897113085 
-0.96234709 
-4.41074371e-06 
-0.304827362 
-0.799894989 
-0.940126956 
-0.968419075 
-0.992471993 
-0.225189209 
-0.722463787 
-0.823623836 
-0.320271462 
-0.738583863 
-0.899583519 
-0.974298 
-0.795223713 
-0.760502338 
-0.869920552 
-0.823599637 
-0.760910988 
-0.332962722 
-0.977956772 
-0.503989041 
-0.850059211 
-0.970868528 
-0.970868528 
-0.934355795 
-0.568499506 
-0.92924881 
-0.884405315 
-0.603160799 
-0.905795336 
-0.264086336 
-0.829136074 
-4.41074371e-06 
-0.928148746 
-0.928148746 
-0.315472722 
-0.33229965 
-0.905994892 
-0.874940097 
-0.887032688 
-0.941948473 
-0.890976727 
-0.42363587 
-0.921663702 
-0.444649458 
-0.893835485 
-0.931145668 
-0.571570694 
-0.993664086 
-0.850595772 
-3.83456563e-06 
-0.321349263 
-0.450575113 
-0.3190687 
-0.771087468 
-0.943423271 
-0.803939342 
-0.821120262 
-0.660224259 
-0.851199448 
-0.893758774 
-0.659650147 
-0.978794158 
-0.67855674 
-0.293045193 
-0.777504861 
-0.808517456 
-0.76121974 
-0.87634331 
-0.318993896 
-0.869436324 
-0.0199326221 
-0.741159737 
-0.522398591 
-0.560568988 
-0.0112992907 
-0.849425256 
-0.33314997 
-0.988924503 
-0.327832222 
-0.843368053 
-0.574763596 
-0.759829342 
-0.502675474 
-0.735885322 
-0.788901031 
-0.806419075 
-0.762752354 
-0.950185001 
-0.831968069 
-0.680407286 
-0.813371956 
-0.676914394 
-0.950946569 
-0.95704478 
-3.71535612e-06 
-0.742408276 
-0.71942836 
-0.977423608 
-0.956291199 
-0.977907002 
-0.641868114 
-0.96537596 
-0.946986973 
-0.673214614 
-0.305504054 
-3.73522448e-06 
-0.728685617 
-0.619993389 
-0.901782334 
-0.871934593 
-0.92132026 
-0.832268775 
-3.91403819e-06 
-3.87430191e-06 
-0.305565953 
-0.905937016 
-0.87852478 
-0.925197601 
-0.888909757 
-0.168253481 
-3.4968059e-06 
-0.309669942 
-0.797923267 
-0.965576589 
-0.983599961 
-0.93246752 
-0.868270099 
-0.325686544 
-0.864963233 
-0.319871098 
-0.28349936 
-0.812651813 
-0.896310508 
-0.411632448 
-0.204093322 
-0.287609726 
-0.886311591 
-0.959608376 
-0.914991081 
-0.86477834 
-0.313227564 
-0.644488156 
-0.783817708 
-3.67561984e-06 
-0.301400542 
-0.902940035 
-0.601911247 
-0.799085379 
-0.62594229 
-0.821249545 
-0.622114241 
-0.6966694 
-0.332871169 
-0.59909457 
-0.908754408 
-0.919951439 
-0.870479584 
-0.331751317 
-0.750425816 
-0.67534095 
-0.828765571 
-0.785415351 
-0.892953873 
-0.711210072 
-0.654733717 
-0.923302948 
-0.877419889 
-0.722970963 
-0.875290573 
-0.852953136 
-0.871022522 
-0.95538038 
-0.304016709 
-0.630068064 
-0.769137859 
-0.678188026 
-3.77496076e-06 
-0.81285429 
-0.737373769 
-3.82463122e-06 
-0.969996631 
-0.997336328 
-0.989968538 
-0.766802609 
-0.931979656 
-0.47763893 
-0.894416392 
-0.967507184 
-0.94346571 
-0.94346571 
-0.860045373 
-0.812526762 
-0.290991217 
-0.874770463 
-0.652632177 
-0.919947207 
-0.331254274 
-0.590529323 
-0.928082287 
-0.671572387 
-0.641189098 
-0.677240074 
-0.897270858 
-0.864856958 
-0.869127989 
-0.910380661 
-0.331991583 
-0.786720932 
-0.0129159866 
-0.727181137 
-3.91403819e-06 
-0.93183279 
-0.944219589 
-3.83456563e-06 
-0.909659564 
-3.91465937e-06 
-0.880446434 
-0.656683385 
-0.214774206 
-0.883271396 
-0.869581223 
-0.768785775 
-0.871210515 
-0.926078498 
-0.986559868 
-0.986559868 
-0.290400714 
-0.936147988 
-0.417368025 
-0.330206007 
-0.863647699 
-0.961563289 
-0.924189031 
-0.734627068 
-0.579620242 
-0.332379341 
-0.941718519 
-0.941718519 
-3.85443354e-06 
-0.913948059 
-0.923775017 
-0.954961598 
-0.872102499 
-0.838890076 
-0.85147208 
-0.853239238 
-0.891915798 
-0.0123743741 
-0.68258816 
-0.159451187 
-0.862569511 
-0.352917045 
-0.910701334 
-0.859617472 
-0.598977268 
-0.784882843 
-0.794532776 
-0.891927719 
-0.932167232 
-0.333301187 
-0.794655502 
-0.972425401 
-0.913856804 
-0.898026168 
-0.89481163 
-0.887589633 
-0.866634429 
-0.321634501 
-0.867518127 
-0.283421546 
-0.945523918 
-0.997800648 
-0.362287015 
-0.752277613 
-0.77163285 
-0.943469048 
-0.943980992 
-0.943980992 
-0.686750233 
-0.719629705 
-0.977618217 
-0.70175761 
-0.688510656 
-0.64589411 
-0.691168785 
-0.870960891 
-0.394565374 
-0.0350249745 
-0.974205315 
-0.974205315 
-3.00010038e-06 
-0.986126184 
-0.990373075 
-0.638912499 
-0.332817912 
-0.323355466 
-0.886300504 
-0.110974647 
-0.847960174 
-0.149588421 
-0.327053279 
-0.863721371 
-0.215251967 
-0.927044928 
-0.962156296 
-0.944653273 
-0.904991567 
-0.848959863 
-0.410438299 
-0.705961049 
-0.75821811 
-0.801642716 
-0.971476972 
-0.332385898 
-0.973611057 
-0.870432079 
-0.877173901 
-0.686377525 
-0.928226233 
-0.929317892 
-0.508614838 
-0.333307058 
-0.937034607 
-0.957902133 
-0.583945572 
-0.823482513 
-0.77247566 
-0.634816468 
-0.333298922 
-0.599479377 
-0.198164999 
-0.842483699 
-0.93514365 
-3.45458579e-06 
-0.863307178 
-0.885867059 
-0.882519662 
-0.819627285 
-0.669711769 
-3.43720126e-06 
-0.25069651 
-0.645682156 
-0.934371948 
-0.902355671 
-0.331890434 
-0.333064169 
-0.934830844 
-0.965967476 
-0.965967476 
-0.965792179 
-0.977700531 
-0.977117836 
-0.13692911 
-0.310718179 
-0.957825422 
-0.620832205 
-0.00702131353 
-0.834699333 
-0.927808225 
-0.90228492 
-0.892697632 
-0.935041249 
-3.82463122e-06 
-0.604447901 
-0.979118824 
-0.289321125 
-0.97735852 
-0.959708869 
-3.81469727e-06 
-0.853153527 
-0.831339836 
-0.199520186 
-0.33322832 
-0.553515673 
-0.71441704 
-0.323885292 
-0.970776379 
-0.970776379 
-0.970776379 
-0.850491107 
-0.976095259 
-0.60580188 
-0.830240428 
-0.901210487 
-0.327792794 
-0.584083974 
-0.738969803 
-0.919674695 
-0.919674695 
-0.921237946 
-0.324764639 
-0.83762759 
-0.888975084 
-0.897354126 
-0.927968204 
-0.926495314 
-0.304234713 
-0.373524457 
-4.37100744e-06 
-0.85002166 
-0.31354478 
-0.955302715 
-0.893922806 
-0.80065304 
-0.591717958 
-0.901576042 
-0.591430485 
-0.620966971 
-0.400970578 
-0.40113917 
-0.954930067 
-4.25179815e-06 
-0.831555784 
-0.817958057 
-0.862920821 
-0.842061698 
-4.32009483e-06 
-0.926188409 
-0.186739311 
-0.930160224 
-0.891266823 
-0.636807442 
-0.947948933 
-0.421384335 
-0.982059956 
-0.903624237 
-0.315329432 
-0.684815228 
-0.948043823 
-0.669593513 
-0.886097372 
-0.681141675 
-0.149240553 
-0.947248757 
-0.452246189 
-0.900367737 
-0.995269001 
-0.908627212 
-0.882977188 
-0.87016505 
-0.188443437 
-0.86777252 
-0.85208863 
-0.262951463 
-0.904264271 
-0.218530014 
-0.919423401 
-0.0195916705 
-0.0771827698 
-0.85309571 
-0.885663986 
-0.982972085 
-0.982972085 
-0.565249979 
-0.884776831 
-0.593727171 
-0.329081565 
-0.871355593 
-0.961822927 
-0.944533348 
-0.543996274 
-0.894537926 
-0.928565979 
-0.821501493 
-0.332975984 
-0.950329959 
-4.87764692e-06 
-0.877053916 
-4.77333879e-06 
-0.821282804 
-0.774317801 
-0.873021662 
-0.990646362 
-0.915757179 
-0.938209057 
-0.904586971 
-0.22672762 
-0.816193402 
-0.00637746742 
-4.68889857e-06 
-0.526161969 
-0.84292841 
-0.327645272 
-0.683958113 
-0.91523385 
-0.8443138 
-0.65931493 
-4.90993261e-06 
-0.325000316 
-0.332249373 
-0.919901788 
-0.936278343 
-0.269260168 
-0.85994035 
-0.858638048 
-0.829963446 
-0.217539251 
-0.768027484 
-0.333085984 
-4.92980098e-06 
-0.96019119 
-0.699491203 
-0.856374443 
-0.311252624 
-0.673288047 
-0.293325871 
-0.581306398 
-0.269126296 
-0.873350084 
-0.442616463 
-0.962166071 
-0.530895948 
-0.95891434 
-0.300917417 
-0.325525254 
-0.0273671765 
-0.315657139 
-0.724703074 
-0.290814757 
-0.659885943 
-0.976017237 
-0.780715644 
-0.962387621 
-0.972812891 
-0.915432215 
-0.964656293 
-0.885806084 
-0.333072126 
-0.754643142 
-0.785616934 
-0.966421843 
-0.866963446 
-0.939158976 
-0.919451058 
-0.619460583 
-0.61770606 
-0.454167515 
-0.313151687 
-0.818046331 
-4.62929393e-06 
-4.61935997e-06 
-0.805344284 
-0.839664936 
-4.58955765e-06 
-0.932410419 
-0.0464785248 
-0.3044357 
-0.698904216 
-0.707618535 
-0.760132134 
-0.8984828 
-0.851824701 
-0.88009578 
-0.730342209 
-4.55478812e-06 
-0.439420015 
-0.732312679 
-0.613649905 
-4.68889857e-06 
-0.210209072 
-0.805208027 
-0.669867814 
-0.813950717 
-0.90736419 
-0.944923878 
-0.315667003 
-0.805322111 
-4.91738319e-06 
-0.888630152 
-4.92980098e-06 
-0.734552681 
-0.312248141 
-0.750709057 
-0.278199375 
-0.832539558 
-0.850963593 
-0.8491624 
-0.117243133 
-0.056124296 
-0.900782883 
-0.677855074 
-0.329655677 
-0.76679641 
-0.913270235 
-0.887450874 
-4.74850322e-06 
-0.0217584763 
-0.93025285 
-0.938988864 
-0.901885927 
-4.87764692e-06 
-0.333227366 
-0.158579648 
-0.720529735 
-0.756970167 
-0.846870959 
-0.274947822 
-0.916267097 
-0.94620651 
-0.92263335 
-0.82572937 
-0.915348709 
-0.209622085 
-0.124373578 
-0.322401077 
-0.637134612 
-0.968853474 
-0.679900646 
-0.303514153 
-0.315499008 
-0.882047176 
-0.692608178 
-0.832541764 
-0.477102995 
-0.753820598 
-0.285376966 
-0.287212253 
-0.939034164 
-0.939034164 
-0.988071263 
-0.923500359 
-0.31595099 
-0.957444668 
-0.327430159 
-0.906327426 
-0.742679417 
-0.937226593 
-0.981946945 
-0.92350173 
-0.92350173 
-0.827533245 
-0.68145436 
-0.871328354 
-0.805894196 
-0.267979294 
-0.931605816 
-6.37769699e-06 
-0.936312675 
-0.961758554 
-0.73126179 
-0.792404711 
-0.951453865 
-0.953950226 
-0.953950226 
-0.395895243 
-0.0114118652 
-0.883817375 
-0.260102242 
-0.450624377 
-0.743172169 
-0.843038857 
-0.672936678 
-0.762113035 
-0.909970522 
-0.950933278 
-0.879667282 
-0.829058945 
-0.683425188 
-0.850116074 
-0.607473254 
-0.90327853 
-0.846881568 
-0.326890796 
-0.761314332 
-0.496989101 
-0.783662498 
-0.836010933 
-0.914947569 
-0.821523011 
-0.918492019 
-0.918492019 
-0.792238474 
-0.820084095 
-0.862333596 
-0.943181515 
-0.386433125 
-0.993831575 
-6.76015998e-06 
-0.887086391 
-0.935222447 
-0.918303192 
-0.691604912 
-6.73532486e-06 
-0.704719543 
-0.334863037 
-0.613512278 
-0.762085378 
-0.994492054 
-0.91811353 
-0.909288704 
-0.783760846 
-0.159939006 
-0.917967081 
-0.935119569 
-0.323614359 
-0.622097492 
-0.537163258 
-0.33890149 
-0.701326549 
-0.757437885 
-0.785308659 
-0.874310315 
-0.892440736 
-0.604139984 
-0.937122405 
-0.22237505 
-0.879182339 
-0.931787908 
-0.954313457 
-0.946957767 
-0.737317622 
-0.705270708 
-0.889466941 
-0.989739716 
-0.994723618 
-0.929193795 
-0.286479324 
-0.881070793 
-0.786086857 
-0.86161691 
-0.328760207 
-0.975324094 
-0.992115021 
-0.0451726802 
-0.929514945 
-0.64903003 
-0.970751703 
-0.914956391 
-0.678210557 
-0.333210081 
-0.140661672 
-0.739320993 
-0.866871834 
-0.934385359 
-0.843504131 
-0.933955193 
-0.878323376 
-0.958877325 
-0.7146101 
-0.583279192 
-0.900704443 
-0.956172228 
-0.949196637 
-0.68178606 
-0.939441383 
-0.726120293 
-0.878222466 
-0.896842957 
-0.328625441 
-0.314803421 
-0.233102679 
-0.670470893 
-6.03993749e-06 
-0.706850529 
-0.862529933 
-0.875203371 
-0.524877548 
-0.97028476 
-0.411111504 
-5.63263893e-06 
-5.79779362e-06 
-0.674027264 
-0.982664824 
-0.944546163 
-0.944546163 
-0.92954874 
-0.92954874 
-0.927481711 
-0.912169218 
-0.88805455 
-0.978275955 
-0.661727726 
-0.6849401 
-0.540153265 
-0.999316394 
-0.330374569 
-5.59290265e-06 
-0.642241657 
-0.986065388 
-0.978169918 
-0.898300648 
-0.92453593 
-0.884055555 
-0.908944786 
-5.65499067e-06 
-0.210522786 
-5.71087003e-06 
-0.678877175 
-0.95627594 
-0.951940238 
-0.900483906 
-0.996712029 
-0.873225868 
-0.750953734 
-0.821379662 
-0.980826199 
-0.911060512 
-0.673290431 
-0.903228045 
-0.963787735 
-0.953501403 
-0.761932552 
-5.55316592e-06 
-0.611986816 
-0.987309515 
-0.962297142 
-0.892796218 
-0.733370543 
-0.675718248 
-0.337266088 
-0.899997652 
-0.935100794 
-0.807157338 
-0.886150658 
-5.96046448e-06 
-0.627548635 
-0.847886145 
-0.724148571 
-0.906326473 
-0.906326473 
