-0.9892622828
-0.1128303930
-0.2556331456
-0.9617894292
-0.6297768950
-0.8058679700
-0.6585469246
-0.8532641530
-0.6623770595
-0.9371287823
-0.8342623711
-0.9713751674
-0.9245436788
-0.5296909809
-0.9570140839
-0.7206649780
-0.9093299508
-0.8585079312
-0.7692622542
-0.9520948529
-0.9840342999
-0.7764988542
-0.8580191135
-0.9276415706
-0.8700025678
-0.9199296832
0.0000013113
0.0000013312
-0.3225694001
-0.0085264258
-0.3155007660
-0.9115235209
-0.9738062024
-0.5797795653
-0.9586984515
-0.7459745407
-0.8178077340
-0.9394885898
-0.8225714564
-0.9781117439
-0.9401133657
-0.9523844719
-0.9704325795
-0.4990129769
-0.3316265941
-0.8585758805
-0.8977367282
-0.6481054425
-0.9674726129
-0.7898892760
-0.9101575017
-0.6334662437
-0.3182258308
-0.3272137642
-0.2122962624
-0.1759306341
0.0000014504
-0.0134163015
-0.9570834041
-0.9181354642
-0.7441632748
-0.8904462457
-0.7878848910
-0.9139038920
-0.4371574223
-0.8630697727
-0.8014301658
-0.9835464358
-0.9804986119
-0.9247743487
-0.9521322250
-0.7542591691
-0.8559439778
-0.9130961895
-0.8092372417
-0.8333590627
-0.7666112781
-0.3323375583
-0.8498474956
-0.9128648639
-0.8429023623
-0.8753117919
-0.9685531259
-0.9169897437
-0.3001082242
-0.3276036680
-0.0213961136
-0.6740231514
-0.7261582017
-0.5410404801
-0.5741092563
-0.2895539701
-0.3265794814
0.0000068744
0.0000065565
-0.2908529043
-0.9138110280
-0.3330620825
-0.9132021070
-0.3111072481
-0.3095290959
-0.7831035256
-0.8705577850
-0.8305544257
-0.5716398358
-0.9713643193
-0.8238467574
-0.8204576373
0.0000049671
-0.2869926393
-0.3163589537
0.0000049671
-0.2151190192
-0.3852336705
-0.9493890405
-0.7746097445
-0.7785665989
-0.8924417496
0.0000053445
0.0000053445
-0.9510877728
-0.9308657646
-0.9186169505
-0.7533571124
-0.6230277419
-0.9704418182
-0.6405773163
-0.8960702419
-0.9342174530
-0.9104437232
-0.7586968541
-0.9906568527
-0.9363012910
-0.8708432317
-0.9902072549
-0.7399757504
-0.9319337010
-0.8782284856
-0.9528526664
-0.8033964634
-0.6813052297
-0.9217217565
-0.5281103253
-0.9252327085
-0.5886622071
-0.8994434476
-0.8749012947
-0.5957932472
-0.8659637570
-0.7507616878
-0.9165078998
-0.8889928460
-0.8598060608
-0.9293069243
-0.7865805626
-0.9226071239
-0.9979932904
-0.7116561532
-0.6963925958
-0.0992058888
-0.8215598464
-0.7385497093
-0.7559719086
-0.8446763158
-0.8353155255
-0.9651992917
-0.6808870435
-0.9313284755
-0.9402868152
-0.8871254921
-0.7411966324
-0.6717780232
-0.9570625424
-0.9280982018
-0.8071177006
-0.9520051479
-0.9942305684
-0.8349833488
-0.8346659541
-0.9533495903
-0.9689605832
-0.9868943095
-0.9461088777
-0.9424106479
-0.8682765961
-0.9570257068
-0.7948801517
-0.8241637349
-0.8384025693
-0.9101799130
-0.6486853957
-0.8831130862
-0.8915848136
-0.9959297180
-0.8751742244
-0.8059444427
-0.9711317420
-0.9209561348
-0.6967932582
-0.9228304029
-0.8716295362
-0.3356209993
-0.5618405342
-0.9067278504
-0.8377105594
-0.6610863209
-0.8631487489
-0.9917154312
-0.7313136458
-0.9481925368
-0.6591492295
-0.7599213719
-0.7688668370
-0.9266385436
-0.2223558277
-0.2876613438
-0.9075639844
-0.9586973190
-0.9133687019
-0.8613905311
-0.8234511018
-0.8328921199
-0.9873992801
-0.8534389138
-0.9637407660
-0.9130659103
-0.4724765718
-0.8958639503
-0.8732526898
-0.8636907935
-0.7491994500
-0.7993908525
-0.6316666007
-0.8542101979
-0.8708047867
-0.6571652889
-0.9586498141
-0.5075433850
-0.3720376492
-0.8790950775
-0.6440026760
-0.7271883488
-0.6506259441
-0.7986190319
-0.8413353562
-0.8513481617
-0.8697929382
-0.8093234897
-0.9906839728
-0.9146874547
-0.9259909987
-0.8414624333
-0.9897744656
-0.8475595117
-0.7559439540
-0.9618598819
-0.7118431926
-0.9403083920
-0.8314852118
-0.9149646759
-0.2628743052
-0.3279899061
0.0000156760
-0.2225359678
-0.3332956135
-0.3269945383
-0.8393340111
-0.8195372224
-0.9738800526
-0.2946753502
-0.6883023381
-0.9756128192
-0.5852215290
-0.4934310913
-0.8041558266
-0.6011212468
-0.8599694371
-0.9498332143
-0.9458561540
-0.8735170364
-0.8669121265
-0.7838265300
-0.8840811253
-0.7179536819
-0.6692201495
-0.9331994057
-0.8566203117
-0.8647230268
-0.8490822911
-0.9376909733
-0.9304234385
-0.9417222142
-0.8805244565
-0.8420614600
-0.8940190673
-0.8889303803
-0.8188185692
-0.5467177033
-0.7541167140
-0.9586482048
-0.7578466535
-0.8276398778
-0.6831075549
-0.9246832728
-0.2625639737
-0.9302464128
-0.6432549953
-0.8889058232
-0.8414674401
-0.9871428609
-0.9263443351
-0.9455035329
-0.8026599288
-0.7940561175
-0.8652262688
-0.5440364480
-0.6457817554
-0.9164066315
-0.9554295540
-0.9792794585
-0.9624441266
-0.8894274235
-0.9856964946
-0.9829121232
-0.8471196294
-0.6717742085
-0.9728052020
-0.7607517242
-0.5922365785
-0.9217246175
-0.6005692482
-0.1534576863
-0.9811536670
-0.9655115008
-0.9193304181
-0.9085569978
-0.9713862538
-0.8954014778
-0.8115233779
-0.9020851254
-0.9987651706
-0.8435124755
-0.9086823463
-0.7639651895
-0.8237687945
-0.9235901833
-0.7793852687
-0.9484412074
-0.7720832825
-0.9090649486
-0.3279725611
-0.3184423745
-0.8380791545
-0.8549593091
-0.9639117122
-0.2857869565
0.0000155568
0.0000155568
-0.9747619629
-0.8908247948
-0.2018951923
-0.9864675403
-0.9105980992
-0.9280093312
-0.8247744441
-0.9955318570
-0.8532683253
-0.6015613079
-0.9210454822
-0.7983450890
-0.7665969729
-0.8313450813
-0.9190985560
-0.7890405655
-0.3383663595
-0.5849738121
-0.4948529005
-0.9374594688
-0.7507834435
-0.8332533836
-0.8696770668
-0.7128882408
-0.8363957405
-0.9244205952
-0.8476250768
-0.8999224305
-0.9537245631
-0.7473633885
-0.8915708661
-0.8663343787
-0.9208315015
-0.9712970853
-0.7968003750
-0.7076136470
-0.9305748940
-0.7908058763
-0.9050371051
-0.9429752231
-0.6643789411
-0.2818587422
-0.3125022948
-0.3146074116
-0.2231851220
-0.2443808168
0.0000113249
-0.8834483027
-0.7032380104
-0.0186926816
-0.9381205440
-0.1725407243
-0.8188149333
-0.9206122756
-0.7115023136
-0.9787794948
-0.9034981728
-0.3032949269
-0.3142246604
-0.3097941875
-0.8851194382
-0.3505603373
-0.8947219253
-0.5951426625
-0.7837190032
-0.6401639581
-0.8790614009
-0.9321064949
-0.8977199197
-0.6324717999
-0.8183870316
-0.8815608621
-0.6554195285
-0.9112731814
-0.9680171013
-0.9061355591
-0.7776587605
-0.9550555348
-0.9192177653
-0.2014688998
-0.2314404398
-0.3309023678
0.0000162323
0.0000162323
-0.3918294907
-0.7254686952
0.0000172456
-0.9054195285
-0.9708792567
0.0000182589
-0.2385046929
-0.3098390400
-0.6295704842
-0.3461733162
-0.8460758328
-0.9858372808
-0.8193027973
-0.9486093521
-0.8499519825
-0.8539762497
-0.8790747523
-0.9763557315
-0.9134176373
-0.8325812221
-0.2668630481
-0.8644146323
-0.8601324558
-0.9452103972
-0.3152358234
0.0000192126
-0.2721176445
-0.3324081302
-0.9125294685
-0.9568709731
-0.4388585985
-0.2594448030
-0.2957687080
-0.8193647265
-0.9774928093
-0.8635859489
-0.8840293884
-0.9806903005
-0.8961846232
-0.8661845326
-0.9679805636
-0.9327563643
-0.8360996246
-0.6962945461
-0.8883624077
-0.5013340116
-0.9220356345
-0.8727207780
-0.8426992297
-0.8486988544
-0.9861595631
-0.6142902970
-0.7377458215
-0.6656191349
-0.9010460973
-0.9586170316
-0.3281487823
-0.3232339323
-0.9132177234
-0.9450051785
-0.8617045879
-0.8818140030
-0.9396284223
-0.3313893974
-0.7131581903
-0.7866643071
-0.9520629048
-0.9449402690
-0.5315262675
-0.9146595001
-0.8446996808
-0.8594801426
-0.7537279725
-0.9609101415
-0.9104595184
-0.9857260585
-0.9219944477
-0.6512339711
-0.9502121806
-0.9473936558
-0.6258032918
-0.7630403042
-0.7987181544
-0.3298948407
0.0000215371
-0.3086117208
-0.0065015689
-0.9726400375
-0.4859164655
-0.3313753009
-0.7855212092
-0.8367006779
-0.7047176361
-0.8292484283
-0.7569015622
-0.6930138469
-0.8891125321
-0.8618447185
-0.7285647392
-0.9398159981
-0.9089514613
-0.6419606805
-0.8419670463
-0.6803476214
-0.8521682620
-0.7773826122
-0.8485450745
-0.9170140624
-0.8573929667
-0.6999432445
-0.8573083878
-0.9264789224
-0.2281181365
-0.9525660872
-0.9782869220
-0.8477355838
-0.2101244926
-0.8314926028
-0.6806673408
-0.9902007580
-0.3312229216
-0.3223028183
-0.3099150658
-0.8993104100
-0.9096498489
-0.9544136524
-0.9919740558
-0.9918352962
-0.9853956103
-0.9304959178
-0.5937532783
-0.8350679278
-0.5832899213
-0.8858968616
-0.8761650920
-0.8564598560
-0.9545826912
-0.5268369317
-0.9511792660
-0.5621052384
-0.8687550426
-0.6495650411
-0.9793555140
-0.9816709161
-0.9049094319
-0.2796078622
-0.6034481525
-0.9412476420
-0.9370217323
-0.9283666611
-0.7504923344
-0.8923141956
-0.9661001563
-0.9667508602
-0.6333183646
-0.6803503633
-0.9687039852
-0.9815523624
-0.9229848981
-0.7946864963
-0.6964175105
-0.2999555469
-0.9756733775
-0.9590320587
-0.7981120944
-0.6429132819
-0.9678110480
-0.9431560636
-0.8270943761
-0.9697359204
-0.8638685346
-0.9195088744
-0.7338566780
-0.9018436074
-0.9378569722
-0.9288832545
-0.6773412824
-0.9667878151
-0.7096670270
-0.6419508457
-0.6459413767
-0.9222432971
-0.7944335938
-0.8732380867
-0.9119823575
-0.9556500316
-0.6733959317
-0.9488492012
-0.9521194100
-0.9260582328
-0.9199049473
-0.9692795873
-0.7078061104
-0.7722461224
-0.9256798625
-0.7807208896
-0.9208517671
-0.8069623113
-0.8837631345
-0.8309435248
-0.9356999993
-0.9023945928
-0.8992858529
-0.6620872021
-0.8019924164
-0.6762757301
-0.7580063343
-0.8768436313
-0.9231836200
-0.4804906845
-0.8952928185
-0.8411917686
-0.8892009854
-0.9513929486
-0.9964709282
-0.6981006265
-0.7671102881
-0.9579329491
-0.6290481687
-0.8741478324
-0.9613919854
-0.9522829056
-0.9058174491
-0.8859253526
-0.8846516609
-0.8941845894
-0.7868512273
-0.8504583240
-0.8185908794
-0.9774770737
-0.2998086810
-0.3215539455
-0.3332373500
-0.9647386670
0.0000211770
-0.7933055758
-0.9632764459
-0.8704856038
-0.8662297726
-0.9214337468
-0.7476821542
-0.3007660806
-0.3112170398
0.0000201066
0.0000201066
0.0000200272
-0.9240316749
-0.8638350368
-0.6724290848
-0.5396844149
-0.9884641171
-0.8527089953
-0.9764480591
-0.6591408253
-0.9340416789
-0.5152397156
0.0000256697
-0.0061450228
-0.0091227908
-0.2807444930
-0.2924227715
0.0000258287
-0.9706010222
-0.3871970177
-0.9285973907
-0.9492607117
-0.9116919041
-0.6391891837
-0.6583443284
-0.7227050662
-0.9221273065
-0.9743539691
-0.9394492507
-0.8976643682
-0.9876033664
-0.6608045697
-0.8754002452
-0.7404320836
-0.9577115178
-0.9378406405
-0.9615334868
-0.9381756783
-0.9294686913
-0.9258632660
-0.8421533108
-0.8336617351
-0.9577544332
-0.6979699731
-0.6629227996
-0.8357543945
-0.5773057938
-0.5046677589
-0.6057775617
-0.9926276207
-0.7793793678
-0.8071290851
-0.6813907027
-0.9508054852
-0.6836099625
-0.9928053021
-0.9629218578
-0.9501253963
-0.9829481244
-0.3331446946
-0.3229085505
-0.7800094485
-0.8478330970
-0.8076627851
-0.3083898723
-0.7946324944
-0.7277100086
-0.9405695796
-0.6700367928
-0.9605422020
-0.8346258998
-0.8575952649
-0.7182924747
-0.6882273555
-0.7089558244
-0.0916754380
-0.5990359187
-0.7834121585
-0.9227517247
-0.8479568362
-0.1985940933
-0.3049307764
-0.7527048588
-0.1227833927
-0.8511487842
-0.9372827411
-0.9862577319
-0.9364299774
-0.6069488525
-0.9230669141
-0.3182813823
-0.3326992095
-0.3258766234
0.0000562867
-0.2969794273
-0.3115419149
-0.2155308872
-0.3288212121
0.0000561674
-0.9682640433
-0.3311865628
-0.3217998445
-0.8815975189
-0.6038547158
-0.8364109993
-0.9023640752
-0.9594550133
-0.6558486223
-0.9468736053
-0.9853026867
-0.9883020520
-0.7011613846
-0.7191026807
-0.8576874137
-0.9077169299
-0.6646923423
-0.8726683259
-0.8107666373
-0.9078657031
-0.9320868850
-0.8551261425
-0.9509369731
-0.8369755149
-0.8771793246
-0.9746975899
-0.4607116282
-0.9428974986
-0.9700616002
-0.7099749446
-0.5587759614
-0.8093145490
-0.3061485291
-0.3190460503
-0.9150574803
-0.9598512650
-0.8020341396
-0.9795535207
-0.7762277722
-0.9512248635
-0.9062214494
-0.9111256599
-0.8843941689
-0.9514539242
-0.8928169608
-0.6286661625
-0.8405101299
-0.9739835858
-0.8691458106
-0.7583371997
-0.9271104932
-0.7698114514
-0.9927472472
-0.9658879638
-0.9276935458
-0.6807386875
-0.8774883151
-0.9425267577
-0.7072630525
-0.9169282317
-0.8047297001
-0.6485494375
-0.8519707322
-0.9746522903
-0.7783734202
-0.3088005781
-0.8486412168
-0.7544224858
-0.3651961386
-0.7451216578
-0.7008991241
-0.8911464810
-0.0063550365
-0.3238752782
-0.3317346275
-0.3317846358
-0.9320540428
-0.9325106740
-0.6092410684
-0.6576954126
-0.9430870414
-0.9624528289
-0.9839294553
-0.9488698840
-0.8554294109
-0.6657328606
-0.8875907063
-0.4905464351
-0.5949253440
-0.8028841019
-0.8343406320
-0.8414883614
-0.7379269004
-0.8742299080
-0.9197629094
-0.7229862213
-0.8245068192
-0.9421972632
-0.7146587372
-0.9061476588
-0.9858474135
-0.9702327251
-0.9832088351
-0.9835441709
-0.7870734334
-0.6358978152
-0.8950614929
-0.7874847054
-0.7869814038
-0.9624670148
-0.8758319020
-0.8406658769
-0.8405925632
-0.8179334998
-0.9668755531
-0.7937886119
-0.5181965828
-0.3987242877
-0.6599430442
-0.8560045362
-0.8459703922
-0.9144206047
-0.9370161891
-0.8163939118
-0.9332271218
-0.4839021266
-0.9257116318
-0.9210107327
-0.8912960887
-0.9361665249
-0.7360041738
-0.9762488008
-0.4625710249
-0.2035344690
-0.3221862614
-0.3248367906
-0.0237851162
-0.3329412639
-0.1102012917
-0.9599208236
-0.9375149608
-0.9067475200
-0.3877923787
-0.6935372353
-0.9769956470
-0.7146329880
-0.1031127200
-0.7841113210
-0.4885772765
-0.9612550735
-0.9808902144
-0.7114667892
-0.8500580192
-0.9036530852
-0.3124251068
-0.9532999992
-0.8570153117
-0.6648866534
-0.9422252178
-0.9971632957
-0.7293167710
-0.7987239957
-0.9588897824
-0.9210989475
-0.7396990657
-0.7943089604
-0.8506748080
-0.7193333507
-0.9822099805
-0.7217820287
-0.6950101852
-0.9033482075
-0.2466935962
-0.6089606881
-0.9062601924
-0.7664448619
-0.9360179901
-0.2303635478
-0.9803833961
-0.8802643418
-0.8696061969
-0.5224989057
-0.9046254754
-0.9018805623
-0.3236490488
-0.2666127384
-0.3144395649
-0.2921943069
-0.0376736559
-0.8460304737
-0.9522001147
-0.7903649211
-0.2433527857
-0.8868388534
-0.9557497501
-0.7290450931
-0.9042200446
-0.7467939258
-0.9365471005
-0.9650740623
-0.7979632020
-0.2726968825
-0.7820284963
-0.6106703877
-0.9408435822
-0.6929271221
-0.9059640765
-0.9591744542
-0.8138523698
-0.9829204679
-0.8664100766
-0.6278870702
-0.5702273846
-0.8849043846
-0.9921178222
-0.9569295049
-0.7215619087
-0.7581090927
-0.7068875432
-0.8998435140
-0.8652844429
-0.8651967049
-0.9758359790
-0.9675107002
-0.2923292816
-0.3349544108
-0.5927304029
-0.7943833470
-0.8490882516
-0.9200252891
-0.9689218998
-0.9440400004
-0.8509529233
-0.6154037118
-0.8320060372
-0.7378964424
-0.9454362988
-0.8438845277
-0.6307783723
-0.7476339340
-0.9764388204
-0.7974553108
-0.8981997371
-0.9410482049
-0.8766005635
-0.9386407733
-0.8214562535
-0.8331180215
-0.3056310713
0.0000698566
0.0000698566
-0.3301920891
-0.9101559520
-0.8649252057
-0.9533244967
-0.6249707937
-0.8041768074
-0.9150592685
-0.9495384097
-0.1659426838
0.0000743071
-0.2222560793
-0.6924159527
-0.7840444446
-0.7494786382
-0.8860239387
-0.9613978267
-0.7674131393
-0.8702318072
-0.6781458259
-0.8397464752
-0.8969141841
-0.2641468942
-0.8214775920
-0.8753706813
-0.7158721089
-0.7945167422
-0.8558120728
-0.9411783218
-0.9987958074
-0.7279101014
-0.2958238423
0.0000737707
0.0000737707
-0.3241400421
-0.2072860748
-0.8039707541
-0.3144399524
0.0000717243
0.0000717441
-0.8811604381
-0.8098542094
-0.7572023869
-0.9681580663
-0.2748110294
-0.3244653642
-0.8930244446
-0.8724340796
-0.8146710396
-0.8273034692
-0.8851507306
-0.9899227619
-0.9074037075
-0.6254720092
-0.8921763301
-0.8798097968
-0.6568200588
-0.9467992783
-0.6760225892
-0.3330678940
-0.2620889246
-0.1325607449
-0.9812979102
0.0000677506
-0.3181998134
0.0000677506
-0.8885738254
-0.9760794640
-0.9440734982
-0.5875220895
-0.7816266418
-0.8312717080
-0.7835075259
-0.8696692586
-0.9162638783
-0.8075672984
-0.9573608041
-0.9461800456
-0.9734160304
-0.6706600189
-0.8785442710
-0.1363971829
-0.2993786633
-0.9258173108
-0.7402502894
-0.6145229340
-0.7606637478
-0.9411547780
-0.3239930272
-0.8988356590
-0.9433174133
-0.7726526856
-0.8170843124
-0.8476414084
-0.9914652705
-0.3125897944
-0.9523827434
-0.9165510535
-0.8873410225
-0.6823175550
-0.9011054039
-0.8120424747
-0.7252035737
-0.9102167487
-0.9213661551
-0.9261904359
-0.9211614132
-0.7390770912
-0.8854275346
-0.8874279857
-0.9705045819
-0.9564645886
-0.7976393700
-0.9693493247
-0.8211416602
-0.7999281287
-0.8787543178
-0.9709561467
-0.7745197415
-0.7970142365
-0.9564886689
-0.6650643349
-0.9484009743
-0.9517590404
-0.9832121730
-0.9656060338
-0.8194293976
-0.8295969367
-0.2566262782
-0.9536501765
-0.9126275182
-0.6816263795
-0.8012272716
-0.9734807014
-0.9762222171
-0.7831709981
-0.7427950501
-0.8929950595
-0.9951462746
-0.8024047017
-0.8890504837
-0.9101245403
-0.6582318544
-0.9282558560
-0.0188155808
-0.3218063414
-0.3230570853
-0.9286214709
-0.9888003469
-0.9778354168
-0.2641879618
0.0000569622
-0.2493599802
-0.9684321284
-0.7418670058
-0.9598630071
-0.8714858890
-0.8947115541
-0.8792927861
-0.4854629040
-0.8504719734
-0.9716928005
-0.7232659459
-0.9858124852
-0.6572578549
-0.9047389030
-0.9193172455
-0.6086331010
-0.9173260331
-0.9947091937
-0.9441754222
-0.9788784385
-0.9920375943
-0.9588603973
-0.8079006076
-0.6442142129
-0.9247553945
-0.7873505950
-0.9556972980
-0.8845980167
-0.5849725008
-0.7499797940
-0.4526561201
-0.8284013867
-0.7822188735
-0.9061419368
-0.7939541340
-0.3435370028
-0.8421297073
-0.8590261936
-0.8799164891
-0.9228971004
-0.9050862789
-0.6491796374
-0.8729990125
-0.7444418073
-0.8250784278
-0.7126967311
-0.9217409492
-0.9148109555
-0.9890205264
-0.7115874290
-0.9321543574
-0.7932112813
-0.8760131001
-0.2996101677
-0.9665778279
-0.3348744214
-0.8411392570
-0.6733743548
-0.9553162456
-0.7142456174
-0.5024095178
-0.2978953421
-0.9225341678
-0.8539144397
-0.3321767151
0.0000568430
-0.1762978435
-0.8416679502
-0.8948774934
-0.8680923581
-0.5839986205
-0.7005408406
-0.5893263221
-0.2044847459
-0.3123593926
-0.3167668879
0.0000578960
-0.3391042054
-0.6691265106
-0.8825376630
-0.8738262057
-0.7604869008
-0.9156419635
-0.9318580031
-0.5907492042
-0.2843216062
-0.0126335053
-0.6535649896
-0.9426085949
-0.9976374507
-0.9630272388
-0.3315227032
-0.4379296601
-0.7784239650
-0.7977997661
-0.9174196124
-0.9376926422
-0.3269608915
-0.7367008328
-0.8137626648
-0.8907445073
-0.9733722806
-0.9000463486
-0.9611539245
-0.9656534195
-0.8962583542
-0.8652968407
-0.7260975838
-0.8563739657
-0.9736514688
-0.0082696043
-0.5824382305
-0.9504944682
-0.6784314513
-0.9825473428
-0.7788400650
-0.6903875470
-0.7541356087
-0.9498948455
-0.4722906351
-0.9254867435
-0.8865839839
-0.9267768860
-0.8750632405
-0.6644048691
-0.9617341161
-0.8554927707
-0.6716222763
-0.6863214374
-0.8955146670
-0.3112238050
-0.3129640520
0.0000572801
-0.8648119569
-0.8667305112
-0.6205975413
-0.7897081375
-0.7323012352
-0.8830965161
-0.9417464137
-0.8556957841
-0.9582980275
-0.5775223970
-0.6087592244
-0.9886776805
-0.9661141038
-0.9273434281
-0.9037982821
-0.9657074809
-0.9817147255
-0.8240339160
-0.7718083262
-0.9825050235
-0.8126134276
-0.9313561320
-0.8915805817
-0.5901442170
-0.6855366826
0.0000579755
-0.3273096979
-0.2605370581
-0.2508674562
-0.3321052492
-0.9621822238
-0.9592876434
-0.9340758324
-0.6360573769
-0.6051196456
-0.9089810252
-0.7717559934
-0.9959848523
-0.8755112290
-0.4229291677
-0.3528506458
0.0000603795
0.0000603795
0.0000603994
-0.3283567727
-0.3321561515
-0.3142453432
-0.3331147134
-0.2541774809
-0.9643740654
-0.8599314690
-0.9912344813
-0.9788115025
-0.7332583070
-0.6327548027
-0.9928820729
-0.8712756634
-0.9014320374
-0.6170631051
-0.7051515579
-0.7605293393
-0.6271250844
-0.8390663266
-0.8915300965
-0.7435076833
-0.8621985912
-0.6870545745
-0.8512329459
-0.8059952855
-0.8698284030
-0.7865567207
-0.8843013644
-0.9830282331
-0.6767633557
-0.7527812123
-0.8578915596
-0.9537382722
-0.9883487821
-0.8549147248
-0.9836165905
-0.9917871356
-0.6163638234
-0.9861494899
-0.7277991176
-0.3142719865
-0.9180048108
-0.7803342342
-0.6562680602
-0.9759941101
-0.7624529004
-0.9415245652
-0.8045168519
-0.8990640640
-0.9329047203
-0.7206854820
-0.8674359918
-0.9605847001
-0.9773804545
-0.8988321424
-0.9528352618
-0.9270916581
-0.8591372371
-0.9471323490
-0.6600820422
-0.6333146691
-0.6033005118
-0.9941642880
-0.2232495695
-0.9870255589
-0.7967227101
-0.9828876853
-0.8038945198
-0.8890953064
-0.9454956055
-0.9387826920
-0.9139642715
-0.8656314015
-0.6004853249
-0.5629100204
-0.6039788127
-0.9364443421
-0.8908569813
-0.9468895793
-0.8942756653
-0.8803229332
-0.9879822135
-0.7666861415
-0.7270424366
-0.8548481464
-0.7742328644
-0.9632226825
0.0000710885
-0.3249777555
-0.7168048024
-0.8563485742
-0.2600403130
-0.8254812360
-0.7804352641
-0.7855799794
-0.9863750339
-0.8186548352
-0.9662501216
-0.6437335610
-0.8875513077
-0.7393249869
-0.9778933525
-0.9335166812
-0.8852095008
-0.7325330377
-0.9376853108
-0.9668410420
-0.9826542735
-0.7814483643
-0.6966301799
-0.7132298350
-0.8379230499
-0.7630699277
-0.9402679801
-0.8172183633
0.0000772277
-0.3314588964
-0.2274409980
0.0000774066
-0.3330083489
-0.8790388107
-0.5925222039
-0.7451960444
-0.8853476644
-0.9484071732
-0.9628031850
-0.5897194743
-0.2209243178
0.0000769893
0.0000770092
0.0000770042
-0.2364396006
-0.9607723355
-0.8707437515
-0.2400189638
-0.3013576865
-0.9036127925
-0.7953168750
-0.7381958365
0.0000737508
-0.7350631356
-0.7738663554
-0.8701343536
-0.8878533840
-0.8865372539
-0.6189052463
-0.7822241783
-0.7931420803
-0.9497485161
-0.9619671702
-0.8760178685
-0.9752117991
-0.7608492970
-0.9552888274
-0.8675091267
-0.9314523339
-0.8950909972
-0.9686654210
-0.9364334941
-0.9772951007
-0.3327887356
0.0000844200
-0.2420417070
-0.3155461848
-0.6668500900
0.0000844002
-0.3243125975
-0.9780939221
-0.8728159070
-0.8441772461
-0.7600004673
-0.3329736888
-0.4222102165
-0.8715586662
-0.7872739434
-0.8327045441
-0.8386179805
-0.9712306857
-0.9139213562
-0.8814888597
-0.9941990972
-0.8486979604
-0.8100442886
-0.9128028750
-0.9744598269
-0.8246024251
-0.9341284633
-0.5469984412
-0.4272475243
-0.4938849509
-0.9724671841
-0.7662525177
-0.9002209306
-0.4389041960
-0.9025859833
-0.9399869442
-0.9427892566
-0.9869635105
-0.8232806325
-0.9232318997
-0.9834320545
-0.9944303632
-0.8470398784
-0.9681450725
-0.9003238678
-0.9789639115
-0.9479491711
-0.9840982556
-0.6652675271
-0.9103464484
-0.9757435918
-0.8351264000
-0.8013847470
-0.9915301204
-0.9210219383
-0.6687461734
-0.6594662070
-0.9705328345
-0.3316771984
-0.8984845281
-0.7593865991
-0.8657814860
-0.9101120830
-0.5723883510
-0.7773108482
-0.2134807706
-0.2284471840
-0.2323702723
0.0000736515
-0.2131205350
-0.9722139835
-0.8979324698
-0.8638080955
-0.9379090667
-0.7428018451
-0.9381585121
-0.9035428166
-0.8456265330
-0.8974539638
-0.9810463786
-0.9156074524
-0.7047235370
-0.8629343510
-0.8898828030
-0.8906990886
-0.9072117805
-0.9392771125
-0.7011005282
-0.9504753947
-0.8048765063
-0.3285629749
0.0000620882
-0.8522660136
-0.8231260180
-0.9892342687
-0.7132670283
-0.9368814826
-0.6988539696
-0.9715650678
-0.9428315759
-0.9101808667
-0.8903506398
-0.8232071996
-0.8312325478
-0.9090005755
-0.3226310909
-0.2828145921
-0.3039806783
-0.3330416381
-0.9515135884
-0.7750784755
-0.9840254784
-0.7037315965
-0.9424831271
-0.9455086589
-0.9394270778
-0.8894345164
-0.3297079802
0.0000612537
-0.2905766666
-0.3061862588
-0.6980354786
-0.9609754682
-0.8144612312
0.0000653664
-0.2056006938
-0.0076215495
-0.3195636570
-0.6024420261
-0.3326699734
-0.3328090608
-0.1851601750
-0.3055217862
0.0000620087
-0.3232235312
-0.9147098064
-0.8716269135
-0.2640846968
-0.9768645167
-0.6788921356
-0.7392278314
0.0000635038
-0.0055724564
-0.3311056793
0.0000635187
-0.2326229215
0.0000637360
-0.7349031568
-0.8072889447
-0.6307151914
-0.9863204956
-0.9536202550
-0.8395540118
-0.6241394877
-0.8047571182
-0.9943056107
-0.8762264252
-0.9132713675
-0.9632234573
-0.8419001698
-0.9826781154
-0.9200736880
-0.9016295075
-0.7999148369
-0.8545436859
-0.7932478786
-0.8679577708
-0.9577820897
-0.9315140247
-0.8959539533
-0.9044492841
-0.4162708819
-0.2929421663
0.0000660419
-0.0367224887
-0.3306542337
-0.5814350247
-0.8410027027
-0.8994731903
-0.9360694885
-0.5516054034
-0.7897208333
-0.9911203384
-0.7088646293
-0.7348113656
-0.8301270604
-0.7350562215
-0.9617514610
-0.6935265064
-0.8826705813
-0.8208063245
-0.6674971581
-0.8570265174
-0.6860518456
-0.7542207837
-0.9222217202
-0.6772758961
-0.9039025307
-0.9087486863
0.0000666380
-0.2955068648
-0.2988323271
-0.3328578770
-0.8306732774
-0.9282408357
-0.9588658214
-0.8424275517
-0.4129718244
-0.8504250050
-0.6188539863
-0.9653670788
-0.8699199557
-0.9649865031
-0.5676054358
0.0000729362
-0.2759866416
0.0000729760
0.0000729760
-0.3265738785
-0.9659090042
-0.4061423838
-0.9334539771
-0.9542397857
-0.0460719466
-0.9495918751
-0.6667149663
-0.4851925075
-0.9889847636
-0.9685032964
-0.9449494481
-0.6958997846
-0.8267763257
-0.8741350174
-0.8784492612
-0.6792727113
-0.9434459209
-0.9277938008
-0.8362335563
-0.9676566720
-0.9318485856
-0.7595755458
-0.8470404744
-0.6356068254
-0.9020276666
-0.8966587186
-0.6677137017
-0.8199904561
-0.8762931824
-0.8640041351
-0.9814327359
-0.9066481590
-0.9809274673
-0.7675889134
-0.4334288538
-0.9651422501
-0.9197651744
-0.9190137982
-0.7813458443
-0.8976197243
-0.9110078812
-0.7624130249
-0.7833560109
-0.9301685691
-0.8592780232
-0.8042762280
-0.8960878253
-0.7864286900
-0.9275012016
-0.9078909755
-0.0313195549
-0.0280691013
-0.8855171204
-0.6573791504
-0.7807603478
-0.9443473220
-0.9337394834
-0.8693158627
-0.9624511600
-0.7918815613
-0.7923970222
-0.9527971745
-0.9224527478
-0.2869968712
-0.9466859698
-0.8841352463
-0.9670293331
-0.8994320035
-0.9238365293
-0.7827721238
-0.8794630170
-0.9195778966
-0.8958695531
-0.7308540344
-0.8106213212
-0.7378498912
-0.3331593573
-0.8316287994
-0.9853103161
-0.6417156458
-0.8436246514
-0.9397193789
-0.9042487741
-0.6883390546
-0.6706379056
-0.8358910680
-0.8788967133
-0.7251728177
-0.9324774742
-0.9588453174
-0.0190863945
-0.6753521562
-0.9348368049
-0.8315442204
-0.2266364694
-0.3323611915
-0.1841954142
-0.9005843997
-0.8912913203
-0.9071366191
-0.9108396173
-0.8687939048
-0.7691218257
-0.9251014590
-0.9260026813
-0.7561400533
-0.6866534352
-0.9420800209
-0.2144038081
0.0000470678
-0.6258384585
-0.6958806515
-0.8660166264
-0.8512654305
-0.8015355468
-0.9866890311
-0.9591453671
-0.7448646426
-0.7015283704
-0.7953603268
-0.9066770673
-0.9972043037
-0.3485557735
0.0000419219
-0.8983004689
-0.8625996709
-0.9791426659
-0.9509837627
-0.7925999761
-0.6452968121
-0.4647226036
-0.8251095414
-0.8469052315
-0.6561399102
-0.3226114213
0.0000342528
0.0000345459
-0.3297316134
-0.9070994258
-0.4968527257
-0.9194903374
-0.9353587627
-0.8235921860
-0.8850741982
-0.7285995483
-0.7781555057
-0.9036470056
-0.8997075558
-0.6977573037
-0.6117346287
-0.6327499747
-0.9210726619
-0.8242006302
-0.9367763400
-0.7616602778
-0.7168270946
-0.8134394288
-0.8285266757
-0.2874329090
0.0000318686
-0.9856000543
-0.9244730473
-0.9548335671
-0.9024774432
-0.2953814864
-0.5097295642
-0.8686416149
-0.2975460887
-0.7811852098
-0.9142758250
-0.8499267697
-0.7387549877
-0.9556198120
-0.9554427266
-0.5046772361
-0.8083730340
-0.7273502350
-0.8293840289
-0.7044461370
-0.9392323494
-0.9550490379
-0.6762456894
-0.4521924555
-0.9256178737
-0.8670455813
-0.7861461639
-0.7680447698
-0.9809780121
-0.7043932080
-0.2931425869
-0.0711803809
-0.3321407139
-0.7554385066
-0.4929104149
-0.9013469815
-0.9407033324
-0.8190085292
-0.5748638511
-0.9469934106
-0.7388876081
-0.9098156095
-0.9650806785
-0.9653997421
-0.8956272006
-0.9673872590
-0.9928109050
-0.3573471606
-0.9064982533
-0.9283121228
-0.8961026073
-0.6461082101
-0.6403830051
-0.9811632037
-0.8885917664
-0.9242431521
-0.7200298309
-0.8594396114
-0.6430360079
-0.8378710747
-0.8970600963
-0.9192492366
-0.7773079276
-0.9684362411
-0.8005185127
-0.8710893989
-0.9896531105
-0.8653680682
-0.6788763404
-0.8126810193
-0.3052825034
-0.3202091157
0.0000376304
0.0000376503
-0.3147442639
-0.3331142366
-0.7292024493
-0.9781517982
-0.5005124211
-0.9145603180
-0.9491689801
-0.8072633743
-0.9944323897
-0.8185088634
-0.7194378376
-0.9533805847
-0.7366933823
-0.7582933307
-0.9094302654
-0.9532459378
-0.7561267018
-0.9986984134
-0.6218822002
-0.9566538930
-0.9723114967
-0.8507435322
-0.7418511510
-0.9124404788
-0.8513882756
-0.9987595677
-0.6640213132
-0.9042813778
-0.9729306698
-0.9827146530
-0.9743816257
-0.9485219121
-0.6484026313
-0.9364706874
-0.7565482259
-0.9185227752
-0.8587505221
-0.3326997161
-0.1306582838
-0.2524829209
-0.3327885568
-0.3294978440
0.0000352661
-0.8551324010
-0.2381085902
0.0000352462
-0.9561004639
-0.8837351203
-0.8852286339
-0.1392547488
-0.8751924634
-0.4653297961
-0.6956331134
-0.3197138608
-0.2603393495
-0.4627161026
-0.8542403579
-0.6640254855
-0.9580921531
-0.8292757869
-0.9362266660
-0.9285933375
-0.8884958625
-0.7386114001
-0.9388716221
-0.9296228290
-0.9801415801
-0.3596970737
-0.2839493454
-0.3154584765
-0.8927413821
-0.9281428456
-0.7241598964
-0.9868917465
-0.8654873967
-0.7934960723
-0.6672162414
-0.8620021343
-0.9211425781
-0.7182795405
-0.9434936643
-0.9549252987
-0.8623029590
-0.7997716069
-0.8416770101
-0.9645996690
-0.6999114156
-0.3330607116
0.0000291467
-0.2847806215
-0.0315988138
-0.7147877812
-0.7662028670
-0.9486951828
-0.9105062485
-0.9663407803
-0.3332997859
-0.2577060461
-0.0260747168
-0.9149117470
-0.7518663406
-0.9289674759
-0.6951587796
-0.6282017827
-0.6213023663
-0.7154291272
-0.9273439050
-0.5715648532
-0.9742031097
-0.9709818959
-0.9394332767
-0.5680473447
-0.7908622622
-0.8730688095
-0.8887967467
-0.7749757767
-0.9916601777
-0.9297115803
-0.8034216762
-0.6762784123
-0.7312043309
-0.9836630821
-0.9286813140
-0.9791357517
-0.9095067978
-0.7289111018
-0.5807316899
-0.7136344910
-0.8927221298
-0.9814007878
-0.9840876460
-0.8985140920
-0.7993661761
-0.2674668431
-0.8378565907
-0.8667370677
-0.8841546178
-0.8193638921
-0.8510341644
-0.8831310868
-0.8454579711
-0.9072510600
-0.5037807822
-0.9230199456
-0.7288662791
-0.8883357048
-0.9854178429
-0.8948966861
-0.6538878083
-0.9838088155
-0.9175953269
-0.9583398700
-0.9699905515
-0.8105114102
-0.7845127583
-0.9314758182
-0.8960277438
-0.3319868147
-0.7464840412
-0.7808971405
-0.9531431198
-0.9638834596
-0.0809656903
-0.3290655911
-0.3220389783
-0.2871916592
-0.0057416172
-0.3311211765
-0.9388558865
-0.9643478990
-0.9516795278
-0.8356108665
-0.9175112844
-0.3234260976
-0.2590619028
-0.3332900703
-0.9791695476
-0.5283185244
-0.7896072268
-0.9273409843
-0.8817198873
-0.8596284986
-0.9321822524
-0.9581030011
-0.3291539252
-0.3264334798
-0.2373438030
0.0000421604
-0.6313753128
-0.3315024972
-0.8677160740
-0.8891332150
-0.7145220637
-0.8059847951
-0.9578762054
-0.9249547124
-0.8817858696
-0.7317056656
-0.5229580998
-0.7069988847
-0.3251117468
-0.3050713837
-0.6400220394
-0.9863470197
-0.9737510085
-0.8365638852
-0.6656932235
-0.8643389344
-0.9233133197
-0.9930509925
-0.7724664807
0.0000505845
-0.3318128884
-0.1816392094
-0.8778830171
-0.3331584036
-0.5466320515
-0.1176396534
-0.9549274445
-0.9053617120
-0.9178571701
-0.9761105180
-0.8706204295
-0.8561379313
-0.6567234397
-0.7098455429
-0.8825734258
-0.9543482661
-0.8816545606
-0.8544817567
-0.8512246013
-0.9310198426
-0.8778908849
-0.9258164763
-0.6775975227
-0.8292792439
-0.5980305076
-0.9683718681
-0.7641354203
-0.5219762325
-0.7172517776
-0.9083657265
-0.7696210742
-0.7926167846
-0.8843650222
-0.7226993442
-0.2596604228
-0.6733956337
-0.9376699924
-0.6690950394
-0.9979823232
-0.4523614347
-0.0113921696
-0.3236234188
-0.9797954559
-0.7686586380
-0.7945488095
-0.9522447586
-0.6978693008
-0.9422593713
-0.8091481328
-0.9620667100
-0.9359313846
0.0000589490
0.0000589490
-0.3221750557
-0.6818912029
-0.4011155665
-0.5534459352
-0.3238875568
-0.7454273105
-0.8816586137
-0.8968901038
-0.8716115952
-0.9242703915
-0.7090463638
-0.9566581845
-0.9906415343
-0.6449748278
-0.7136070728
-0.9146317840
-0.9842544198
-0.9122222066
-0.6072229147
-0.8013148904
-0.9131857753
-0.9479740262
-0.8872866631
-0.7379433513
-0.9777102470
-0.8806688190
-0.7510126233
-0.7544347644
-0.8596834540
-0.9233036637
-0.8701779246
-0.8135620952
-0.8471459746
-0.6416935921
-0.9928918481
-0.7811248899
-0.7245618701
-0.7507392764
-0.6419330835
-0.6355230808
-0.8209890723
-0.7522804737
-0.9644351006
-0.9162077308
-0.6018535495
-0.2933583558
-0.3212742209
0.0000811617
-0.2265212983
-0.2539692819
-0.8760520816
-0.3379560411
-0.9609937668
-0.8768832684
-0.7680001259
-0.9755694866
-0.2699522972
-0.3253262043
0.0000843207
-0.2899264097
0.0000843207
-0.2560946643
-0.9563005567
-0.8911321163
-0.9234959483
-0.6697117686
-0.9187026620
-0.7349596620
-0.5249384642
0.0000866055
-0.1569785178
-0.3152861297
0.0000866453
-0.3231211901
-0.9378774762
-0.9903238416
-0.2277905494
-0.8790616393
-0.8714430332
-0.6878387332
-0.9335111976
-0.7669566274
-0.9865422845
-0.5030369163
-0.9332509041
-0.3309692442
-0.3318766654
-0.5726843476
-0.8128129840
-0.6317189932
-0.8482872844
-0.8472185135
-0.9485338330
-0.9303283691
-0.8993229866
-0.7257063389
-0.9800414443
-0.7604446411
-0.9099369049
-0.8774478436
-0.9084472656
-0.8981125951
-0.6450558305
-0.8893232942
-0.5526577830
-0.6756594181
-0.9123681188
-0.7241072059
-0.9640534520
-0.4710957706
-0.7904095650
-0.7718019485
0.0000839718
0.0000839829
0.0000839631
-0.9005723000
-0.9116518497
-0.8480291367
-0.8151523471
-0.3199791610
0.0000833670
-0.3281249404
0.0000833472
-0.8646262288
-0.9234665036
-0.9140987396
-0.8039219975
-0.9249663353
-0.7546349168
-0.9515914917
-0.6849352717
-0.9772340655
-0.9296398163
-0.9304199815
-0.2033192962
-0.2782302797
-0.9985935092
-0.9652544856
-0.8079948425
-0.7476420403
-0.8683665395
-0.5198745728
-0.9616568089
-0.8572759628
-0.8714532852
-0.3277997971
-0.3124517500
-0.9455487132
-0.8060274124
-0.0713439211
-0.3205812871
-0.9687504768
-0.8643674254
-0.9428510666
-0.6689505577
-0.8320519328
-0.5772878528
-0.8276870847
-0.7710800767
-0.9242589474
-0.7566233277
-0.5726994872
-0.6024145484
-0.8745105863
-0.7140994668
-0.9528626800
-0.8501446843
-0.8101250529
-0.6504139900
-0.9441220164
-0.7313423157
-0.5996697545
-0.7265251279
-0.9063553214
-0.2403233051
-0.8247709870
-0.7742970586
-0.8729799390
-0.1176824942
-0.8789469600
-0.8406947255
-0.9378380775
-0.5488304496
-0.9050763249
-0.9172615409
-0.9194818139
-0.9509423375
-0.6858358383
-0.6375965476
-0.9522996545
-0.9293594956
-0.6653606892
-0.9959316254
-0.8955028057
-0.9859173894
-0.6464307904
-0.7764387131
-0.3106646240
0.0000922382
-0.6804533005
-0.9899123311
-0.9071605206
-0.6956999898
-0.6156548858
-0.9526005387
-0.8463881016
-0.9784507751
-0.8733391166
-0.9480617642
-0.9450476766
-0.9442571998
-0.9896842837
-0.7391500473
-0.9137933850
-0.6056841016
-0.9449731708
-0.9423356056
-0.5988910198
-0.8506879807
-0.9236329198
-0.7674181461
-0.8431585431
-0.8224346042
-0.6504814029
-0.6417395473
-0.7345793843
-0.8152513504
-0.8111955523
-0.6816267967
0.0000989238
-0.9776344299
-0.9675297141
-0.9699710011
-0.9749870300
-0.9619412422
-0.9147917628
-0.9265162349
-0.0244040415
-0.9806087613
-0.8602469563
-0.5451762080
-0.2738701403
-0.8875696659
-0.8819733262
-0.8903527260
-0.6507807374
-0.7210298181
-0.8742532134
-0.9485042691
-0.7174479365
-0.5805714130
-0.8091993928
-0.6368185878
-0.7253041267
-0.6752423644
-0.9576947689
-0.9663560987
-0.9216694832
-0.9547851086
-0.7630470395
-0.8637018204
-0.0057288310
-0.3316093385
-0.3312106729
-0.6503449082
-0.7802042365
-0.6437674165
-0.8790982366
-0.4752237797
-0.9138857722
-0.9256947637
-0.9243524075
-0.9488156438
-0.7071682811
-0.4110473096
-0.7781311870
-0.9776622653
-0.9384996295
-0.7750935555
-0.2898139954
-0.9123690724
-0.8963511586
-0.5145133138
-0.9121761322
-0.8813089728
-0.8817365766
-0.8836805224
-0.8021461964
-0.8542981148
-0.8393592834
-0.9002425075
-0.9533247948
-0.7871814370
-0.9133843780
-0.9676604867
-0.8806250095
-0.6909691691
-0.9029710293
-0.6000529528
-0.9111159444
-0.8840991855
-0.6730827689
-0.3330709040
-0.9040964246
-0.5691937804
-0.9290277362
-0.9110887051
-0.9295727611
-0.6927221417
-0.8735198975
-0.8189193606
-0.9458181262
-0.9796631336
-0.8814905286
-0.9221992493
-0.2607627213
-0.9344635010
-0.9788933396
-0.9650869966
-0.9849901795
-0.7421275973
-0.6576657891
-0.6768730283
-0.9351424575
-0.6831338406
-0.9063609242
-0.8367572427
-0.9552764297
-0.5232415795
-0.8785880208
-0.9901449084
-0.7490048409
-0.6945837140
-0.9717629552
-0.9801648259
-0.8375511169
-0.9225996137
-0.8857401013
-0.8015324473
-0.8387463689
-0.8601052761
-0.6525788307
-0.7437624931
-0.6080667973
-0.8763246536
-0.9715008736
-0.5363026261
-0.2115311474
-0.9720962048
-0.2308419943
0.0000946323
0.0000946323
-0.3324680030
-0.9942913055
-0.9663168788
-0.6999894977
-0.8917340636
-0.8944518566
-0.9451540112
-0.9746150970
-0.5869699121
-0.9407352805
-0.9545195699
-0.7588040233
-0.9351671338
-0.9161265492
-0.9162935615
-0.7732737660
-0.7687735558
-0.6866991520
-0.9708655477
-0.9096904397
-0.6647411585
-0.9155705571
-0.9396156669
-0.9918482304
-0.9849171638
-0.8159411550
-0.8720800281
-0.8548674583
-0.9443884492
-0.9352181554
-0.6827192307
-0.9353282452
-0.9226560593
-0.9113030434
-0.2528563142
-0.2936370671
0.0000952681
-0.6541501880
-0.5907077193
-0.7310333848
-0.9399034381
-0.9504249096
-0.3082661033
-0.9782280922
-0.7366674542
-0.9212669730
-0.8611419797
-0.9705486298
-0.7091975212
-0.8837239146
-0.6382278204
-0.9084996581
-0.8129345775
-0.8993322253
-0.8849515319
-0.5558040738
-0.9011855125
-0.3238894939
-0.6190246940
-0.9515804648
-0.8551179767
-0.8263812065
-0.9612908363
-0.7569233775
-0.8816581368
-0.8111559749
-0.8697984815
-0.9811859131
-0.8368601203
-0.7427830100
-0.8093116879
-0.9869160652
-0.9087491035
-0.8632252216
-0.8718697429
-0.7902259231
-0.4538210332
-0.8558896184
-0.6719567180
-0.8236966729
-0.7234928608
-0.8270163536
-0.5835347772
-0.9324777722
-0.9412639141
-0.9325987697
-0.3331975937
-0.3308364451
-0.3065251708
-0.6529194713
-0.7485477328
-0.7247365117
-0.9360156059
-0.9247930646
-0.5884258151
-0.8641384244
-0.8441734314
-0.8903334737
-0.8728561401
-0.9686624408
-0.6175157428
0.0001118605
-0.8397434354
-0.7820184827
-0.9046003222
-0.6755859852
-0.6957945824
-0.6023077965
-0.7063622475
-0.5571407676
-0.8133664131
-0.9156482816
-0.9269003868
-0.8812783360
-0.7299852371
-0.6496064663
-0.9732057452
-0.5886240602
-0.9511036873
-0.9320463538
-0.9034926295
-0.7417449951
-0.5163043141
-0.9377474785
-0.9414424300
-0.9622699618
-0.8546493649
-0.9794876575
-0.6476581693
-0.7329382896
-0.9138172269
-0.8776314259
-0.9821870923
-0.9773476124
-0.5794963837
-0.5935266018
-0.9302725792
-0.9181778431
-0.9042038918
-0.7876698375
-0.9120244980
-0.9634497762
-0.6587139368
-0.9667013288
-0.3568866253
-0.9795399308
-0.6603853703
-0.4297432899
-0.2530502379
-0.2695476115
0.0001106064
-0.3272015750
-0.3329187036
-0.2827979624
-0.3144191802
-0.0066003078
-0.9077655673
-0.9936003089
-0.5845317841
-0.9368869662
0.0001135270
-0.9687711596
-0.8027155995
-0.6849546432
-0.3186673224
-0.9945182204
-0.8746445775
-0.3319477737
-0.3154504299
-0.9762439728
-0.9716072679
-0.9038085938
-0.9030229449
-0.8959481120
-0.8770676255
-0.8783462048
-0.9805369973
-0.9812943339
-0.9588168263
-0.9452911019
-0.9300374985
-0.9234979749
-0.6976391673
-0.6707436442
-0.7691566348
-0.8712568879
-0.9458568692
-0.8667693734
-0.8865815997
-0.8865571022
-0.1728673577
-0.3331965506
-0.3282055855
-0.8657836318
-0.9359130263
-0.3485341072
-0.8667811751
-0.1586501896
-0.7529214025
-0.8745148182
-0.7537517548
-0.9406933188
-0.9647852778
-0.9299036860
-0.6329017282
-0.8613288999
-0.9795039296
-0.7346922755
-0.9725842476
-0.9596419334
-0.8104684949
-0.9139643312
-0.6304810643
-0.8609258533
-0.3187502623
0.0001215140
-0.9726443887
-0.6597115993
-0.3267333210
-0.0129476646
-0.3234141469
0.0001215339
-0.9316017032
-0.9386833310
-0.9533343911
-0.9175818563
-0.7517078519
-0.9453428388
-0.9994593263
-0.8505595326
-0.8782393336
-0.8373017311
-0.9617494941
-0.8189421296
-0.9068778157
-0.9157307744
-0.9488744736
-0.8596710563
-0.5562833548
-0.7228055000
-0.9517766833
-0.8736109734
-0.9571503997
-0.9228069186
-0.9616751075
-0.9537801743
-0.8694162369
-0.3332001567
-0.8864014745
-0.6906151772
-0.8917844892
-0.8983036876
-0.8461794853
-0.9282266498
-0.5827396512
-0.8458338380
-0.6378711462
-0.7664154172
-0.8957524300
-0.3331385255
-0.2999830544
0.0001140237
-0.9782350659
-0.9946288466
-0.9641451836
-0.8948829174
-0.8896822929
-0.8862163424
-0.9306004643
-0.9787734151
-0.9446416497
-0.6439454556
-0.9672768712
-0.9633377194
-0.2273754627
0.0001149972
-0.2089255303
0.0001150767
-0.4641310871
-0.7775816917
-0.8372696042
-0.9506813884
-0.8589120507
-0.9845507741
-0.9422187805
-0.9695048332
-0.6380906701
-0.9355155826
-0.8264431357
-0.8882675171
-0.9397472739
-0.9202105999
-0.6511040330
-0.8906946778
-0.8782699704
-0.9876837730
-0.8406453729
-0.9082495570
-0.8826553226
-0.4343734980
-0.9544335008
-0.9224459529
-0.7203018069
-0.6719328761
-0.8791829944
-0.7948205471
-0.8505673409
-0.8732442856
-0.8505995870
-0.8304634094
-0.4483528435
-0.9505397677
-0.3330680430
-0.2571800649
-0.3105404675
-0.3303564191
-0.3304395974
-0.2203710228
0.0000857711
-0.8859702945
-0.9348152280
-0.8968680501
-0.6680560708
-0.6653077006
-0.3331611156
0.0000900825
-0.0339023471
-0.8555346131
-0.9870331287
-0.9216332436
-0.9660974145
-0.9905769825
-0.9452101588
-0.9293742180
-0.9335187078
-0.3162913024
-0.2288384438
0.0000886271
0.0000886122
-0.2877223790
-0.3070481718
-0.6454996467
-0.9425942898
-0.9216299653
-0.9679105878
-0.7625852227
-0.9082507491
-0.9189503193
-0.8084962368
-0.9252572060
-0.5591626763
-0.9783718586
-0.5134850740
-0.8252127171
-0.9685840607
-0.9199131131
-0.8801944852
-0.2944691777
-0.2381961346
-0.2022985816
0.0000880559
-0.3322422206
0.0000878175
-0.3263075948
0.0000879218
-0.3332071602
-0.9361789823
-0.3304399550
-0.9493548274
-0.9058868885
-0.8489958644
-0.9567754865
-0.9808028340
-0.6386690140
-0.8010028005
-0.8901203275
-0.8548119664
-0.7864327431
-0.8650414348
-0.9399723411
-0.6330488324
-0.8087895513
-0.9233205914
-0.9427787662
-0.8644697070
-0.8430445790
-0.9837477803
-0.6997246742
-0.9809312820
-0.9624329209
-0.9311674237
-0.8807750344
-0.7745289207
-0.8773511052
-0.9297876954
-0.8142313957
-0.7057880759
-0.8197591901
-0.9159626961
-0.9552254677
-0.2777804136
-0.9614815712
-0.8981114030
-0.6874976158
-0.6704581380
-0.7799295783
-0.4484233856
-0.8890666366
-0.9294064641
-0.9698033929
-0.8987608552
-0.8637440801
-0.9611583352
0.0000824332
0.0000824332
-0.3329495788
-0.8699936271
-0.6757387519
-0.9133599401
-0.7807070613
-0.8453558087
-0.8671509624
-0.6450861096
-0.6671747565
-0.8661031723
-0.9347184300
-0.7505300045
-0.9133117795
-0.7937898636
-0.6801902652
-0.8103044629
-0.9723608494
-0.8291748166
0.0000779877
0.0000779827
-0.6487406492
-0.3649730980
-0.9736011624
-0.9925344586
-0.8160993457
-0.7175910473
-0.9299085736
-0.9693272114
-0.7797083855
-0.8525757790
-0.6511946321
-0.8123130798
-0.9114434123
-0.9621379375
-0.9500145912
-0.9258058071
-0.9581335187
-0.9457945824
-0.8573463559
-0.9737660289
-0.6957588792
-0.6842162013
-0.7137746811
-0.9717121124
-0.6606313586
-0.9210094810
-0.9556391835
-0.3091733158
-0.2227700353
-0.2136615366
0.0000640055
-0.1917806268
-0.8984324932
-0.8193333745
-0.9413644671
-0.9309096336
-0.7105538249
-0.9946953654
-0.8501904011
-0.2173141688
-0.9111728072
-0.2858203650
-0.2714446485
-0.3077264130
-0.8228202462
-0.7161540389
-0.6579912305
-0.6612679362
-0.3314604163
-0.9140391946
-0.5022025108
-0.8325932026
-0.3416148722
-0.3270067275
-0.3294188678
-0.3321891427
-0.6512749791
-0.6685607433
-0.8892147541
-0.7619803548
-0.8430370688
-0.7725488544
-0.8516581059
-0.1212019548
-0.3142335713
-0.5824629664
-0.8555191159
-0.6651738882
-0.9002521634
-0.8826486468
-0.7160741687
-0.9300742149
-0.9584067464
-0.9775125384
-0.9068835378
-0.9367330670
-0.3134005070
-0.1887925714
0.0000689427
0.0000688632
0.0000689055
-0.0367385857
0.0000682274
0.0000682274
-0.8565885425
-0.7311620116
-0.9462264180
-0.9386530519
-0.8688901067
-0.3273755908
-0.0365657918
-0.7772111893
-0.3060892522
-0.9249589443
-0.9349493980
-0.8396746516
-0.8754698634
-0.9573297501
-0.9062002301
-0.8854848742
-0.8014046550
-0.2679768503
0.0000691414
-0.2184580415
-0.3087565005
-0.9580945373
-0.7769353986
-0.9605350494
-0.9023291469
-0.8239420056
-0.8959948421
-0.7828885913
-0.8740987778
-0.7690247893
-0.9605135322
-0.6307946444
-0.9592289925
-0.9931511879
-0.8862715364
-0.6681380272
-0.5693501234
-0.8806796074
-0.7107483745
-0.9082739949
-0.9370026588
-0.8566644192
-0.8828473091
-0.6906116009
-0.7807574272
-0.8260903358
-0.9770822525
-0.8201456666
-0.9489319324
-0.8555322289
-0.9437063336
-0.9401499629
-0.9524001479
-0.8866338730
-0.9050247073
-0.2589875162
-0.3234395087
-0.0059305611
-0.1178736016
-0.9049599767
-0.8579077125
-0.6404490471
-0.9742870331
-0.9329659343
-0.9427595735
-0.8511626124
-0.8453709483
-0.9843587875
-0.9910803437
-0.9442893863
-0.2154502124
-0.0209142268
-0.3052634895
-0.3248610795
0.0000736509
0.0000736515
-0.0904893875
0.0000736117
-0.8851143718
-0.5956797004
-0.7890861630
0.0000717044
-0.5019864440
-0.3272863925
-0.7128923535
-0.9284868836
-0.8943739533
-0.8668935895
-0.9694123268
-0.9657101035
-0.9270217419
-0.6991651654
-0.7974569201
-0.6243641973
-0.8801696301
-0.8892647624
-0.8478677869
-0.0120951897
0.0000708103
0.0000708103
-0.7713025212
-0.9650189281
-0.8415969014
-0.8192622066
-0.8077840209
-0.5305818915
-0.9526968598
-0.5682554841
-0.8848355412
-0.8922821879
-0.1797229648
-0.8228008747
-0.9175429344
-0.8439937234
-0.5909863114
-0.8742129803
-0.6197184324
-0.7441532016
-0.6815626025
-0.8958893418
-0.9128265381
-0.9939450622
-0.8483464122
-0.8151190877
-0.9650936723
-0.6313608289
-0.9182276726
-0.9669216275
-0.6727520823
-0.8322024345
-0.8961635232
-0.5993312001
-0.9097464085
-0.9326493144
-0.4689004421
-0.9842506051
-0.9345762134
-0.8980758786
-0.6699704528
-0.9508714676
-0.8256914020
-0.9510233402
-0.8038864136
-0.3321255147
-0.9406978488
-0.4178968668
0.0000812213
0.0000812213
-0.3282842338
-0.2919921577
-0.3230908215
0.0000811617
-0.0677752420
-0.9220724702
-0.8258023262
-0.9142479300
-0.8552610278
-0.9573397636
-0.8880441785
-0.8889663219
-0.6678326726
-0.6162948608
-0.8709301949
-0.7088890672
-0.7900362015
-0.8324199319
-0.8331996799
-0.6968497634
-0.8355856538
-0.9179454446
-0.5671532750
-0.9022615552
-0.8691391349
-0.7743065953
-0.8943473697
-0.8837809563
-0.8858368993
-0.8834550381
-0.3208161294
-0.1101744547
-0.3313442767
-0.9425570369
-0.9863419533
-0.9344053268
-0.8055262566
-0.9306284785
-0.6866731644
-0.9592896104
-0.2201619148
0.0000848174
-0.0276223738
-0.3320100605
-0.3162747025
-0.3074156046
-0.8412832618
-0.9834816456
-0.7695326805
-0.8287918568
-0.6760488153
-0.8318192363
-0.9426805377
-0.9627150893
-0.9363579154
-0.9158679843
-0.5710286498
-0.7602545619
-0.8250909448
-0.8255416751
-0.9446049333
-0.0075558559
0.0000883738
-0.1615044028
-0.2929765880
-0.7923206687
-0.7944090366
-0.6427816749
-0.5981590152
-0.8669077754
-0.6385280490
-0.9531618953
-0.9627509117
-0.8458516002
-0.9170160294
-0.9283701777
-0.6433987021
-0.7464118004
-0.8478507400
-0.8575717807
-0.9494506717
-0.9580826759
-0.9300021529
-0.8212440610
-0.7840476036
-0.6529236436
-0.7197947502
-0.8326992989
-0.6354879737
-0.9328595996
-0.8457277417
-0.5657301545
-0.8619952798
-0.9124708176
-0.8070352674
-0.6031858325
-0.4838553965
-0.9934263825
-0.3327101469
-0.3280027211
0.0000832677
-0.9950162768
-0.9814464450
-0.5606418252
-0.8242840767
-0.7072705626
-0.7320544124
-0.9617322087
-0.7205749154
-0.2150051147
-0.9546027184
-0.8409655690
-0.9600990415
-0.9249621034
-0.6880564690
-0.9069893360
-0.9197764397
-0.8949651718
-0.7682931423
-0.0748731121
-0.9447943568
-0.6166672111
-0.9498680234
-0.7903577685
0.0000733137
-0.3152009547
-0.5588325858
-0.3235332072
-0.6530809402
-0.8853504062
-0.9609236717
-0.9329244494
-0.8301897049
-0.8334500194
-0.8852429390
-0.7593190074
-0.8615145683
-0.5316806436
-0.8577618599
-0.2889339626
0.0000885328
-0.2227954268
0.0000885725
-0.2885597646
-0.8312761188
-0.9088681340
-0.8807585835
-0.9679500461
-0.7085970044
-0.9104505181
-0.7825676799
-0.6731740832
0.0000858108
0.0000858307
-0.9455532432
-0.8975046277
-0.8397787213
-0.6923825145
-0.4262551069
0.0000861287
0.0000861486
0.0000861486
0.0000861486
0.0000861486
-0.7321322560
-0.9863645434
-0.8465926051
-0.7046823502
-0.9345244765
-0.5380570292
-0.7391552925
-0.6299788952
-0.6165292263
-0.9107599258
-0.8715713620
-0.8567647934
-0.8801880479
-0.8932033181
-0.9328758121
-0.6760180593
-0.8711206317
-0.8494871259
-0.9474003911
-0.8758321404
-0.6914375424
-0.7947142720
-0.8408265710
-0.4781041145
-0.7579261661
-0.8739960194
-0.9966841340
-0.8228435516
-0.8448955417
-0.5652391911
-0.8566474915
-0.9260166287
-0.9175892472
-0.9647086263
-0.9891917109
-0.7133522034
-0.6468160748
-0.9923448563
-0.7542942166
-0.9866296649
-0.6763370037
-0.9403241277
-0.9113920331
-0.7722865939
-0.9344274998
-0.8740585446
-0.3290425539
-0.1045632735
0.0000833670
0.0000833869
-0.2980454862
-0.0068094130
-0.8055725694
-0.6741171479
-0.5424859524
-0.8629150391
-0.7770673633
-0.9804641604
-0.8354812264
-0.2915977538
-0.2774419487
0.0000796517
-0.9607596397
-0.9688214660
-0.9125511050
-0.9536766410
-0.7880068421
-0.8536968827
-0.9251186252
-0.8788649440
-0.6906128526
-0.1020837054
-0.8397824168
-0.8702676892
-0.6758254170
-0.6971713901
-0.9908938408
0.0000746846
-0.0197331198
-0.9428220391
-0.9640079141
-0.7582693100
-0.8367511630
-0.7427790761
-0.6452707648
-0.9697782993
-0.2742276192
0.0000729561
-0.8469677567
-0.8553082943
-0.8404048085
-0.9390923381
-0.9315865040
-0.9559924603
-0.9240207672
-0.2763127685
-0.9058635235
0.0000756582
-0.3318933547
-0.3210989237
-0.0517702661
-0.6445879340
-0.9937050939
-0.9212442040
-0.7646386027
-0.7323610783
-0.3256644905
0.0000780622
-0.9625409245
-0.8764765859
-0.8500886559
-0.6736108661
-0.3130558431
-0.7437894940
-0.8836768270
-0.9771334529
-0.6496927738
-0.9484046102
-0.8006887436
-0.9045184255
0.0000780225
-0.8798975945
-0.7939305305
-0.7439300418
-0.6061671376
-0.9277763963
-0.2454997748
-0.3331373632
-0.2622633576
-0.8185065389
-0.4187903702
-0.3291148841
-0.7133592963
-0.8530235291
-0.9569198489
-0.9677211642
-0.8705549240
-0.6248744130
-0.8872676492
0.0000829597
-0.0109904958
-0.3267624974
-0.2567975819
-0.8269878030
-0.9366900325
-0.7065830231
-0.7869610786
-0.8473471999
-0.7850593925
-0.8558710217
-0.9715890288
-0.1830317974
-0.3218798935
-0.3328241408
-0.8870048523
-0.9353927970
-0.9793984294
-0.0116853341
-0.8539039493
-0.4455041885
-0.9352753758
-0.6784960628
-0.9302062392
-0.7691041827
-0.9480287433
-0.5850697160
-0.9358716011
-0.5878357887
-0.9073510170
-0.9577193260
-0.6271513104
-0.8424527049
-0.8553515077
-0.7717116475
-0.3329309523
-0.3318046033
-0.9390592575
-0.6073807478
-0.9781621099
-0.8565942645
-0.8801487088
0.0000824730
0.0000824730
0.0000824730
0.0000824730
-0.9260864258
-0.9608957171
-0.7393733859
-0.7353186607
-0.9215794206
-0.9213189483
-0.7672855258
-0.8266832829
-0.5961856842
-0.8129014969
-0.7907541394
-0.8965048194
-0.8314798474
-0.9359700084
-0.7928536534
-0.9343315959
-0.7163922191
-0.6774265170
-0.6881787181
-0.9887304902
-0.9771771431
-0.9605422020
-0.8682478070
-0.3319364488
-0.6763437390
-0.8292086124
-0.5695021152
-0.9936299920
-0.9177238345
-0.8765325546
-0.8968214393
-0.9316173196
-0.3249159753
-0.9974971414
-0.5669752955
-0.9183246493
-0.3151473105
-0.9103394151
-0.9415991902
-0.9140163064
-0.9096050262
-0.6046125293
-0.7272453308
-0.7493648529
-0.2544136941
0.0000811815
-0.1743811816
-0.0198447686
-0.3195250630
-0.7866514325
-0.8289623260
-0.3330049217
-0.3265151083
-0.9365780354
-0.9487276077
-0.8986678123
-0.5974958539
-0.7730574608
-0.6955309510
-0.2771644294
-0.2584017217
-0.8107378483
-0.9830088615
-0.9570143819
-0.9190875888
-0.8912584186
-0.9964509010
-0.8766573071
-0.9355342984
-0.7618845105
-0.9391339421
-0.9689311385
-0.9239497185
-0.9891712070
-0.9361276627
-0.9413866997
-0.7546667457
-0.9645482898
-0.5623721480
-0.9506239295
-0.8362517953
-0.9545788169
-0.9475175738
-0.7258906364
-0.2874204814
-0.2483038306
-0.3302239478
-0.5542126298
-0.9342816472
-0.9674401283
-0.7874646783
-0.9806864262
-0.6716360450
-0.9262394905
-0.7787871361
-0.9597213268
-0.9541311264
-0.9430239797
-0.6979325414
-0.6980970502
-0.7449867725
-0.8013469577
-0.8764905334
-0.3356421292
-0.8824631572
-0.9765049815
-0.7798302174
-0.9832716584
-0.3060102165
-0.6876130104
-0.9442633986
-0.6579395533
-0.7160884738
-0.6956707835
-0.9175403118
-0.9104998708
-0.8693757057
-0.7625615001
-0.3075113595
-0.5394232273
-0.3318875134
-0.3332626522
-0.1979679316
-0.3329750299
-0.9383585453
-0.9699674249
-0.8705981374
-0.8688412309
-0.9323568344
-0.9650353789
-0.0885472670
-0.4878447056
-0.8136841655
-0.7353925705
-0.9774747491
-0.9931580424
-0.9456314445
-0.7031515241
-0.9209060669
-0.4538196623
-0.9278427958
-0.9347112775
-0.7967386246
-0.6207019091
-0.9266821742
-0.9734451771
-0.8851696849
-0.9261367917
-0.9521909356
-0.3332644999
0.0000686447
-0.2406678796
0.0000686447
-0.9720945358
-0.9371808171
-0.8602256775
-0.6257695556
-0.5178672671
-0.8246439099
-0.9575018883
-0.5572335124
-0.6766078472
-0.5754709840
-0.9897575378
-0.7781343460
-0.4974942207
-0.5797032714
-0.8290596008
-0.6937667727
-0.6974134445
-0.7589883804
-0.5739724040
-0.5576875210
-0.9752057195
-0.9183378220
-0.9185343385
-0.7338516116
-0.7099323273
-0.8209657669
-0.8623601794
-0.8458676338
-0.9333994985
-0.7177324891
-0.8435388207
-0.9383381009
-0.7198633552
-0.9321167469
-0.8321216106
-0.8942934871
-0.9028892517
-0.7891726494
-0.8254382014
-0.7875258327
-0.6367360950
-0.9464934468
-0.7913977504
-0.9743791223
-0.8154070377
-0.9018424153
-0.9048033357
-0.8543825746
-0.9598876834
-0.9393803477
-0.9293168187
-0.9920653701
0.0000711108
-0.3047645986
-0.2950270474
-0.0154194469
-0.7948496938
-0.9714016914
-0.8649089932
-0.8225395083
-0.8860043883
-0.3370958865
0.0000719229
-0.2766271532
-0.9522228837
-0.7624430656
-0.8867848516
-0.8849167824
-0.9000651240
-0.3480610847
-0.7787645459
-0.7338431478
-0.9414444566
-0.8851838112
-0.8864161968
-0.9742525220
-0.8138813972
-0.9264397025
-0.6762323380
-0.9476807714
-0.8797810078
-0.8150846362
-0.7726540565
-0.9676468372
-0.9122338891
-0.9586938024
-0.8880755305
-0.9129564166
-0.9107732773
-0.4990600049
-0.9584977031
-0.8407526016
-0.7600915432
-0.9459679723
-0.9402851462
-0.9321071506
-0.7356322408
-0.8915408254
-0.9494729042
-0.9892225862
-0.6699779034
-0.8803905845
-0.9629807472
-0.9855828881
-0.9681046605
0.0000823140
-0.3281092942
-0.8731737137
-0.8766207099
-0.7812542915
-0.9552178383
-0.9644256234
-0.9107030034
-0.8830375671
-0.9797729850
-0.7866790891
-0.5708193779
-0.8077838421
-0.9458407760
-0.9844967723
-0.7818586230
-0.8714656234
-0.7668457627
-0.8978984952
-0.9698888659
-0.8783534169
-0.6698101163
-0.4260110855
-0.8159837723
-0.9147676826
-0.9006428719
-0.8010161519
-0.9211938977
-0.9498333931
-0.9153070450
-0.9434723854
-0.8289699554
-0.8548067212
-0.9720685482
-0.8873917460
-0.2641564012
-0.6628189087
-0.9418169856
-0.8737099767
-0.7404840589
-0.8238229752
-0.8190042377
-0.9481830001
-0.7799460888
0.0000757774
-0.3160116971
-0.0561346002
-0.1295854896
0.0000757053
-0.8458232880
-0.9430224895
-0.7309466004
-0.9876592755
-0.8102302551
-0.6650526524
-0.3331978619
-0.3319725096
0.0000779231
0.0000779231
0.0000779231
-0.8835010529
-0.9407487512
-0.8386487961
-0.9333589673
-0.6868183017
-0.9019176364
-0.5140089393
-0.3228478134
-0.3324361145
-0.8392161727
-0.8812173009
-0.8367184997
-0.9168712497
-0.8121396899
-0.9275302291
-0.3117260039
0.0000802279
-0.3254418671
-0.2807356715
-0.8064687848
-0.9956484437
-0.9044143558
-0.9354155660
-0.3537792265
-0.9074034691
-0.9525918961
-0.3327213824
-0.9738283753
-0.6131270528
-0.3299641013
-0.3011077046
-0.0098480191
-0.3013674319
0.0000761151
-0.1672341079
-0.0234221686
-0.3331531286
-0.3324091136
-0.4792739451
-0.6401008964
-0.8891465664
-0.8464977145
-0.9061583877
-0.8324561119
-0.9590160251
-0.8783219457
-0.8127986789
-0.9471862912
-0.9151914716
-0.9132296443
-0.6736938357
-0.7011840940
-0.7788402438
-0.6673666835
-0.5633602738
-0.6521114111
-0.8765578270
-0.9419690967
-0.6827015877
-0.6600669026
-0.8799853325
-0.7944555283
-0.7347326279
-0.8058983684
-0.2413924932
-0.3121585250
-0.0163629465
-0.3317829072
-0.8305477500
-0.7848787904
-0.8795204163
-0.7499693036
-0.7615495324
-0.9288282394
-0.5897958279
-0.7797858119
-0.7761281133
-0.9351832271
-0.9301472306
-0.7527040839
-0.7488361001
-0.9534637332
-0.4573328793
-0.9072220922
-0.8389356732
-0.6413116455
-0.8333764076
-0.9072492123
-0.9720171094
-0.7101361752
-0.9542319179
-0.4706695378
-0.9382447600
0.0000814001
-0.3107316196
-0.6175895333
-0.7229542732
-0.7932720780
-0.9055809975
-0.9004529119
-0.9857349992
-0.5805368423
-0.9334886670
-0.9753177762
-0.8691611290
-0.8440611362
-0.2919856608
-0.7765789628
0.0000816385
-0.2794879973
-0.0075685852
0.0000815193
0.0000814895
-0.6993064880
-0.8906444907
-0.6641960740
-0.3131838143
-0.7857821584
-0.6472975612
-0.6547091603
-0.7327073216
-0.8550264239
-0.9363282323
-0.9172374606
-0.8904773593
-0.8369914889
-0.9196409583
-0.3695456088
-0.9756258130
-0.7576804161
-0.9786855578
-0.5832456946
-0.9752462506
-0.9880617261
-0.4322825372
-0.9025003314
-0.7897256017
-0.9438550472
-0.8314542770
-0.8954151273
-0.9722747803
-0.3408575058
-0.3309802711
0.0000927250
-0.2572207153
-0.6618547440
-0.9881003499
-0.9465169907
-0.2059167176
-0.7569656372
-0.9048084617
-0.9358360767
-0.7452984452
-0.9037799239
-0.8971032500
-0.9563595653
-0.8419302106
-0.9666826129
-0.5973479152
0.0000921885
-0.3424431980
-0.9552394748
-0.7062063813
-0.9209396839
-0.8778185844
-0.8695328236
-0.6729860902
-0.9629964828
-0.4357451200
-0.9668774605
-0.7833833694
-0.7483210564
-0.7660520673
-0.9596943259
-0.8289036155
-0.8429799080
-0.9283394217
-0.7763828635
-0.9273812771
-0.3290978372
-0.9474949837
-0.8836259842
0.0000898838
-0.6278046966
-0.8812397122
-0.8997583985
-0.9723081589
-0.7037165761
-0.9288039207
-0.8420398831
-0.9685966372
-0.9820850492
-0.9158614278
-0.9726538658
-0.7804489136
-0.9783133864
-0.8366265297
-0.2860988975
-0.5542402267
-0.8994849324
-0.4412641823
-0.4444460869
-0.6552811861
-0.9882109761
-0.8015627861
-0.9331457019
-0.9342260361
-0.7178385854
-0.8599286079
-0.8821886182
-0.8817262650
-0.8649961948
-0.6238639355
-0.3297818601
-0.3331496418
-0.2707925141
-0.3284541667
-0.9413698316
-0.6466857791
-0.9097600579
-0.3395458758
-0.2807113230
-0.3263124228
-0.2994040549
-0.3163482845
-0.3332209289
0.0000871370
-0.2784180939
-0.3088031113
-0.9659778476
-0.8302338719
-0.9089543223
-0.9242272377
-0.7836523056
-0.6304739118
-0.3430679739
-0.3133783937
-0.3061777949
-0.2207195759
-0.3312495649
-0.7230663300
-0.8586453795
-0.3055060208
0.0000940760
-0.6300480962
-0.8909009099
-0.2927927673
-0.3187639415
0.0000929534
-0.3143566847
-0.2550530136
-0.7647891045
-0.9790583253
-0.6829080582
-0.6717430949
-0.7915377021
-0.9001372457
-0.8150677681
-0.8497272134
-0.7662889957
-0.3870661259
-0.9379513264
-0.6626034379
-0.9116625786
-0.8168924451
-0.8568369746
-0.6549670696
-0.6124516129
-0.2802721560
-0.6047141552
-0.7807464600
-0.8161244392
-0.9196629524
-0.9278084636
-0.8404166102
-0.9990553856
-0.9667711258
-0.9850042462
-0.2145140171
-0.8393568993
-0.7885882854
-0.8437754512
-0.9703189731
-0.8576810360
-0.9685683250
-0.8895283341
-0.7401883006
-0.8633174896
-0.9284351468
-0.3242659271
-0.7892901301
-0.8828509450
-0.8813049197
-0.8882878423
-0.9721665382
-0.9159576297
-0.9836916924
-0.8595770001
-0.9104375839
-0.7429656982
-0.7012972832
-0.7859699130
-0.8947215080
-0.7073114514
-0.6966724992
-0.9702146053
-0.9230513573
-0.7550728917
-0.7916355729
-0.6612098217
-0.9688908458
-0.2932080925
-0.9637182355
-0.8673579097
-0.8849294782
-0.8000991940
-0.6816883087
-0.3145099878
-0.6751914024
-0.2829235494
0.0001151562
-0.8402639031
-0.2445502877
-0.6189300418
-0.8735907078
-0.8206177354
-0.9505521655
-0.7691144943
-0.9476695061
-0.9054517746
-0.8556604981
-0.9537976384
-0.8133921623
-0.6235200763
-0.6827760339
-0.5540279150
-0.9508004189
-0.9518008232
-0.8830942512
-0.9935073853
-0.9759836197
-0.9250958562
-0.3323324323
-0.8228089809
-0.2792190611
-0.8474578857
-0.9020590782
-0.9785384536
-0.7703256607
-0.8671714664
-0.9980700612
-0.9258875847
-0.9668871760
-0.9941150546
-0.8555677533
-0.2217298597
0.0001147191
-0.2969598174
-0.9296095967
-0.8410608172
-0.8863286972
0.0001158516
-0.3046943545
-0.0075262119
0.0001158714
0.0001157920
-0.8715952039
-0.9203252792
-0.9519186020
-0.8564766049
-0.3332075179
-0.3232562840
-0.2094452381
-0.6648924947
-0.8116384149
-0.8645437360
-0.9591646194
-0.7141823769
-0.9364495277
-0.9676064849
-0.7389581800
-0.9170145988
-0.2816724479
-0.9519410133
-0.9868095517
-0.9297476411
-0.9751367569
-0.9317014813
-0.9117290378
-0.9016788006
-0.8026158214
-0.6464434266
-0.8546143174
-0.9229572415
-0.8556568027
-0.9193747640
-0.9516976476
-0.8681700826
-0.3496248424
-0.5843043327
-0.5058830380
-0.9781050682
-0.4937449992
-0.9968865514
-0.8780781627
-0.7323122025
-0.8774946332
-0.8828887939
-0.7644641995
-0.7266930938
-0.9597036839
-0.8597391248
-0.7974956632
-0.6878134608
-0.9354709983
-0.6401303411
-0.9015519619
-0.5814287663
-0.9401690364
-0.9952715039
-0.7866468430
-0.7103734016
-0.5949186683
-0.9612579346
-0.8165438771
-0.8438551426
-0.8389110565
-0.8958465457
-0.6895556450
-0.8575696349
-0.6981834769
-0.9676440358
-0.9977087975
-0.6929853559
-0.8726342320
-0.9337310791
-0.8555375934
-0.9148871303
-0.6920900345
-0.9099197388
-0.9159687161
-0.9845170975
-0.8766749501
-0.9739844203
-0.9179700017
-0.9182029366
-0.8241281509
-0.9124069214
-0.6785595417
-0.4433672130
-0.9084407687
-0.7231519818
-0.8719141483
-0.6525806785
-0.1249347106
-0.7785418630
-0.8326582909
-0.2931990325
-0.2639345229
-0.9145914912
-0.6024317145
-0.4636473954
-0.9293716550
-0.7497353554
-0.8800185323
-0.6606452465
-0.9781525731
-0.7575125694
-0.8800411224
-0.9726095796
-0.9189660549
-0.6105851531
-0.9308645725
-0.9474886060
-0.7877254486
-0.9667991996
-0.8105041385
-0.8923304081
-0.8663039207
-0.8214179873
-0.8217625618
-0.3681240976
-0.9199754596
-0.8676287532
-0.9458742142
-0.8598337770
-0.9734613299
-0.3318895996
0.0001109640
-0.2519398034
-0.3300770223
-0.7142493725
-0.9557594657
-0.8500491977
-0.7977685928
-0.9020197988
-0.9624111652
-0.9926915765
-0.7968294621
-0.9272846580
-0.9838921428
-0.9889596105
-0.9796708226
-0.9399501681
-0.9422204494
-0.8581295609
-0.9366714358
-0.6973369718
-0.6923297048
-0.9400666356
-0.8864123225
-0.8628936410
-0.9620313644
-0.8476814628
-0.8060429692
-0.9147353172
-0.8184134364
-0.6797077656
-0.7488811612
-0.8669722676
-0.8391778469
-0.6851102710
-0.9810194969
-0.6421948075
-0.8761402965
-0.9702556729
-0.9519853592
-0.8861721158
-0.9732764363
-0.9264090657
-0.6621330380
-0.9869313836
-0.7344447970
-0.7551280856
-0.6635943055
-0.7144048810
-0.7615415454
-0.2583118975
-0.7852309346
-0.9429795146
-0.9911543727
-0.9564621449
-0.9005386233
-0.9226260185
-0.9738085270
-0.9725368619
-0.8316906095
-0.3121257126
-0.9426002502
-0.9082443118
-0.9810175896
-0.7420542836
-0.7011935115
-0.8699645400
-0.9778435230
-0.7753643394
-0.7084209323
-0.7194951177
-0.9699668884
-0.1180567145
-0.3331308961
-0.8153152466
-0.8830162883
-0.6960165501
-0.9436004162
-0.7394669056
-0.9699759483
-0.7946834564
-0.9865576625
-0.4918235242
-0.8483858109
-0.9437256455
-0.8482472897
-0.8963165879
-0.6991486549
-0.8477635384
-0.9455418587
-0.8031685352
-0.0196875893
0.0001083016
-0.3092238307
-0.4772958755
-0.5523632169
-0.8830323815
-0.9864875674
-0.9806346893
-0.7667037845
-0.9464848638
-0.9574263692
-0.7688617706
-0.8804786801
-0.8081372380
-0.7298930287
-0.5908181667
-0.7596214414
-0.7402802110
-0.9460372925
-0.7355487347
-0.8630311489
-0.9165361524
-0.9542043805
-0.7851259112
-0.7160687447
-0.8636990190
-0.9385228753
-0.9843621850
-0.9015124440
-0.8919469714
-0.5827445984
-0.8316866755
-0.3130246997
-0.9104185700
-0.8973322511
-0.3271162808
-0.3148938417
-0.6657548547
-0.7862462997
-0.8795333505
-0.7656349540
-0.7111341357
-0.9822773337
-0.8036093712
0.0001172423
0.0001172423
-0.3327453732
-0.2432935834
-0.9227337837
-0.9103019238
-0.9554846883
-0.8739316463
-0.9001476169
-0.4444197118
-0.8817899823
-0.7985036969
-0.9756298065
-0.5464619398
-0.9739125371
-0.6332445145
-0.8551241755
-0.8580058217
-0.8644440174
-0.8959513307
-0.7179830670
-0.0203753673
-0.3332121968
0.0001211166
-0.9473819733
-0.9657757878
-0.9261792302
-0.9633385539
-0.4453940094
-0.2146364301
-0.0395102128
-0.3331721723
-0.0720449165
0.0001157820
-0.6387066245
-0.9644840360
-0.9308249354
-0.9625914693
-0.8576143384
-0.9591663480
-0.8406447768
-0.9645095468
-0.9913849235
-0.8607333302
-0.9705657959
-0.7405580878
-0.3330976665
-0.8213074803
-0.8438036442
-0.9528591037
-0.8516991735
-0.6277364492
-0.6611930728
-0.9533200264
-0.9601991177
-0.8649997711
-0.8031377792
-0.8225831389
-0.7875011563
-0.7876326442
-0.9347882867
-0.6856809258
-0.9080648422
-0.9397146106
-0.9318755269
-0.7612269521
-0.8103344440
-0.9725800157
-0.7628570199
-0.9595343471
-0.7529664040
-0.7983973622
-0.8532159925
-0.9692401886
-0.9301889539
-0.7453355789
-0.8360226750
-0.9492564201
-0.9432957768
-0.9510149360
-0.9118636250
-0.9525861144
-0.9629931450
-0.8735194206
-0.9544304013
-0.8064794540
-0.9741106033
-0.8694307208
-0.8859691620
-0.9149715304
-0.9218525887
-0.6352730989
-0.9147196412
-0.9471277595
-0.8585681319
-0.9696593285
-0.7021666169
-0.0476628207
0.0001136065
-0.2879126072
-0.9796447754
-0.9344105124
-0.9363371730
-0.3291219175
0.0001115600
-0.3285447657
-0.9676619172
0.0001108622
0.0001108597
0.0001108646
-0.2804400027
-0.8381972909
-0.9707968235
-0.8031832576
-0.7941066623
-0.8298794627
-0.4028712809
-0.6623925567
-0.8691895604
-0.9151408076
-0.8209206462
-0.8367504478
-0.6127094626
-0.5797685981
-0.9617089629
-0.7602726817
-0.9425608516
-0.6170492172
-0.8763208985
-0.9444856048
-0.6449046731
-0.9658668637
-0.9605388641
-0.8023290634
-0.2672177553
-0.3061518371
0.0001132687
-0.0532530397
-0.8578638434
-0.3292711079
-0.7801985741
-0.9555850029
-0.6582660079
-0.9313755631
-0.8503186107
-0.8648266792
-0.2089280337
0.0001156330
-0.2546826899
-0.3298531473
-0.6258687973
-0.9814452529
-0.7420256734
-0.9731920362
-0.4866662025
-0.2993116081
-0.3331748247
-0.6872039437
-0.3070642352
-0.6829988360
-0.1605047435
-0.7754949927
-0.9460193515
-0.8209795952
-0.6491783261
-0.9190735221
-0.7852811217
-0.9492139816
-0.9642529488
-0.6922858357
-0.9141710401
-0.8631954193
0.0001166860
0.0001166860
-0.9849991202
-0.8879205585
-0.7574250102
-0.9849823117
-0.8063979149
-0.9716153145
-0.8293175697
-0.9603026509
-0.3215817511
-0.8245990872
-0.6009995937
-0.9742671847
-0.8544505239
-0.9451807141
-0.9691219926
-0.7117835879
0.0001123101
-0.3331880271
-0.2527299821
-0.3180558383
-0.8606209755
0.0001115600
-0.1452272236
-0.9604170918
-0.9639441967
-0.7610974312
-0.7958486676
-0.9436822534
-0.5901865959
-0.9413698316
-0.9098596573
-0.8592222333
-0.7852721214
-0.9476963878
-0.8965733051
-0.8566899896
-0.6915871501
-0.8043603301
-0.9748825431
-0.6186365485
-0.3313612342
-0.3144718707
-0.3267953992
-0.9264480472
-0.8102450967
-0.8719458580
-0.9200374484
-0.2969384193
-0.3148933053
-0.2601017952
0.0001104871
0.0001105169
0.0001105616
-0.3050591052
-0.3321785033
-0.9488157630
-0.9107014537
-0.7334936261
-0.1823474765
-0.9628217816
-0.8346660137
-0.8808165193
-0.9322172999
-0.3106334209
-0.9901716113
-0.8382964134
-0.9573964477
-0.8113800883
-0.8163332939
-0.8499619365
-0.8065701127
-0.9458511472
-0.9650729299
-0.9231510758
0.0001128068
0.0001128316
-0.0069884267
-0.3185900152
-0.3194539547
-0.3223076463
-0.8797039390
-0.8933542371
-0.7812395692
-0.9440040588
-0.9500069618
-0.7530601621
-0.7026593089
-0.8193785548
-0.7198565006
-0.4900413454
-0.9713452458
0.0001129707
-0.3241548538
-0.3205004036
-0.8232545853
-0.3258856237
-0.3301495016
-0.9221189618
-0.2716177106
-0.3301730752
-0.6827151179
-0.8458525538
-0.7495520711
-0.9687163234
-0.9969217181
-0.5791625381
-0.7652398944
-0.9666800499
-0.8626539111
-0.8144703507
-0.9610186219
-0.9569138885
-0.9718852043
-0.8964102864
-0.7246314883
-0.6851047873
-0.9493784904
-0.6186407804
-0.7270777822
-0.9552672505
-0.3241432607
-0.6357328892
-0.8050190806
-0.9166743755
-0.6292192936
-0.8582703471
-0.8734230399
-0.9054632187
-0.9010859132
-0.8725736141
-0.9299451709
-0.9637028575
-0.7413675189
-0.6829378605
-0.9129045606
-0.7516334653
-0.8966630101
-0.9332301617
-0.8522483706
-0.8700993657
-0.8812211156
-0.8897599578
-0.8229339719
-0.7924087644
-0.0124983871
-0.0312548317
0.0001236796
-0.7118514180
0.0001239379
-0.3172572553
-0.2552870810
-0.8826242089
-0.9448533058
-0.6799771786
-0.9530450702
-0.8866974711
-0.8242030740
-0.7759867311
-0.9033204913
-0.7780626416
-0.9840025306
-0.8131389618
-0.8725104332
-0.6359037757
-0.9874517918
-0.9122033715
-0.9220106602
-0.8710821271
-0.6850368381
-0.9616501927
-0.8873896599
-0.8834517598
-0.1370392740
-0.3159891069
-0.3296599090
-0.3059074283
-0.1991026998
-0.3243161142
0.0001294414
-0.9772114754
0.0001292229
-0.9648752213
-0.9114620090
-0.2015646696
-0.9639080167
-0.7759479880
-0.8992763162
-0.5985869765
-0.9886881709
-0.5870420337
-0.8945968747
-0.6509538293
-0.8346187472
-0.8661063313
-0.9314625859
-0.9021005630
-0.7697837949
-0.7466202378
-0.7548951507
-0.3936400115
-0.8813735843
-0.9291358590
-0.6678459048
-0.9484661222
-0.6894173026
-0.8394188881
-0.6473978162
-0.6270698309
-0.9165547490
-0.6230278611
-0.9333755374
-0.6706349850
-0.8851227760
-0.1070787385
-0.2833992243
-0.3147830367
-0.3143505156
-0.2789894342
0.0001271566
-0.7260232568
-0.8807926178
-0.9018699527
-0.9769063592
0.0001267716
0.0001267791
0.0001267592
-0.9192342758
-0.8832185864
-0.9687113762
-0.8756124377
-0.6052499413
-0.6348600984
-0.9846129417
-0.9696823955
-0.9924810529
-0.9522994161
-0.8340702057
-0.6893652081
-0.6632025838
-0.6195980906
-0.9247186184
-0.3331986368
-0.2998534441
-0.9002354741
-0.9389793277
-0.9152334332
-0.7193791270
-0.3152570128
-0.9477377534
-0.8780606389
-0.7687680125
-0.7126922011
-0.9853369594
-0.5973714590
-0.9130048752
-0.3087170422
-0.8011364341
-0.8011064529
-0.8176000714
-0.3281441629
-0.2767882645
-0.6732254028
-0.7657220960
-0.9129187465
-0.8936912417
-0.9783313870
-0.9310112596
-0.9603917003
-0.8886077404
-0.9932384491
-0.9426324368
-0.7346197963
-0.9171554446
-0.7733037472
-0.9063155055
-0.3272944391
-0.3121406138
-0.3121406138
