0.656038576795942
2.47124862064594
3.10873685955137
0.657612949064857
0.818777755356523
0.707443143848167
0.721665798829347
0.661543012089497
0.716817806527960
0.628460402871794
0.678229339383073
0.651288871682741
0.664010732828251
0.840259601935285
0.640283325637088
0.729853889609268
0.683511595171094
0.695393835926408
0.705402400745686
0.663830830742626
0.646927315134140
0.713848853438566
0.659766268781773
0.678749485598332
0.629577146062692
0.682718077133193
2.84007849872343
3.47413992914953
3.19069215928317
2.55128072908926
3.20715759668554
0.675180114076566
0.657087913330054
0.927238742827326
0.672116085955395
0.733723120287513
0.668343370232198
0.669344961253579
0.702090060826324
0.660846086501573
0.663458401660069
0.673063266697699
0.668463780286977
0.808846417312953
1.53808537993037
0.672398491802129
0.677552227507223
0.804078627816404
0.641524615272087
0.714653040588384
0.684698196563842
0.878491962765992
3.18130802423573
2.25644962401360
2.54738876829239
2.80948457887840
3.08842503194320
2.19707053742023
0.643379151200907
0.667193329519679
0.731807976817234
0.692459048704928
0.620292228657859
0.644396123824469
1.04809592059972
0.674255658864730
0.707920783405727
0.655698274852424
0.660571427982369
0.671809270849994
0.672906343673141
0.739841933824006
0.631025709442791
0.680987852575621
0.713252569010445
0.706815969652324
0.729858229277744
2.75989683884903
0.692730038487016
0.646341436858260
0.684391757337208
0.691907939958617
0.650364510460609
0.665693397910947
1.88652105634802
2.38396884187786
2.89639461224545
0.920638481332988
0.733663448395183
0.993337471009280
0.960118401471633
2.89441241510835
3.34135720055655
3.07783979286339
2.99278066072340
3.20647571675404
0.682669987296611
2.75551338769304
0.647180761388278
2.20531456288364
2.35667360279036
0.724328344882347
0.657236848446247
0.619605284372416
0.857567062009989
0.643099024982415
0.702315923055841
0.705715628265223
2.45723584741066
2.81170709306247
1.82892304425309
2.25724970471688
2.53886250348021
1.01099066853590
0.645265772066053
0.671147120053089
0.718878895781480
0.642014449370106
2.92298356156856
3.34087459984158
0.666556581094208
0.680700471197787
0.662763070938627
0.742009226043271
0.705257478781883
0.666182576225667
0.871633995767592
0.640017916294363
0.636794851162183
0.626135641179733
0.711142834972928
0.655913086196978
0.677539470190975
0.697930587045254
0.653727580078702
0.721555445594215
0.676756537890679
0.695512338975138
0.646790197050017
0.684513521658508
0.832495151844408
0.660224566694293
0.906745287522601
0.680340639957498
0.928946712501135
0.663516069938526
0.658119011408862
0.862622973597259
0.699119173738562
0.723088435347526
0.685483221563040
0.669547550813234
0.699149663901323
0.668954507953352
0.717883404135611
0.670952224065006
0.651189835250316
0.739893179542381
0.765608888967903
1.68040592115913
0.710196076352627
0.748483902832920
0.672271591959348
0.686695518876048
0.681771932931632
0.655991670577201
0.874593056734896
0.627836138831003
0.653691096092880
0.692318735490461
0.678957361596932
0.644256005516785
0.668716320074016
0.631123827311250
0.708306292832886
0.670257619543080
0.647402601168701
0.706659628424070
0.668375964026901
0.658982645564779
0.668007964107548
0.641558368436662
0.648998408678070
0.669458047561193
0.683353562448540
0.653124887836248
0.716599576130988
0.707926331368204
0.682840838344567
0.679761817027765
0.876789129583365
0.688507537617095
0.668568050139002
0.650133745385431
0.655926253358138
0.628483976901736
0.651132747499822
0.661205094606305
0.704834512949277
0.675230647984655
0.678176674604618
1.28131721955702
0.862698666523962
0.679493810829470
0.688652596096981
0.862706668778882
0.670660308452299
0.657705358855063
0.747149528853941
0.675315678709677
0.758949330573377
0.726234422973127
0.681239578122117
0.657507075787866
1.13153423579571
3.14302119609991
0.686921981952018
0.646552559571833
0.632156659750308
0.680148425124987
0.709034306629642
0.639000622656626
0.650571908383522
0.636969443572017
0.656294082997689
0.672518464794008
0.816039203456414
0.639162087719365
0.692818246423821
0.692369505811585
0.729133886226970
0.638690273380698
0.866514314134510
0.689534715716169
0.676122470184869
0.876463424843780
0.672394574784776
0.898279201683852
1.06464353042071
0.675702387067627
0.759479971032811
0.756480455839189
0.759228781417916
0.690969225653357
0.699924261013687
0.683324250443700
0.660001325318535
0.712648168079219
0.657950672146307
0.626675199764599
0.643686611688224
0.660048510439448
0.659352767778962
0.701667397228440
0.726756228012912
0.646690090039700
0.648780655349368
0.675579318659179
0.622654175374349
0.680131222240728
2.35665766886071
1.84967962370064
3.50344017672471
2.03454731770977
2.07083673059949
2.23917840047043
0.694356117309010
0.698195347672205
0.642485327718333
2.15540162488469
0.744969233801713
0.653706955396172
0.826814330467649
1.03098535564554
0.711676221465913
0.776182400856912
0.693608846060468
0.669282036546958
0.672786843526404
0.656584519768781
0.678722068023593
0.688785327079490
0.693092832134019
0.738800386016262
0.773524606934604
0.646691764134970
0.646682843337185
0.672933862789568
0.698222912399758
0.659797637444829
0.676804156442451
0.645415432002262
0.668411871511703
0.687955999885006
0.680801837345739
0.690890884824321
0.707371207861269
0.978201331412802
0.681924597428321
0.666523347311338
0.721191175902756
0.708634831802985
0.775471175866647
0.659855286895880
1.18472019543294
0.653758915996137
0.813264924144921
0.673613829183061
0.705042466585445
0.647084686248854
0.642280186246193
0.672166116654044
0.714672718304602
0.676366582359990
0.698422491508145
0.821004595372171
0.796819890425545
0.678070554326351
0.660424127612955
0.660572774979748
0.653748377622801
0.693165919739920
0.651946713909793
0.657957958484684
0.677985766779477
0.898638452512095
0.662545825333363
0.724398844820847
0.931305862193273
0.667548612445399
0.815197379193803
1.64723788125591
0.658636609385040
0.647297886533790
0.632769290254267
0.671476398691719
0.638229217044228
0.686605348928901
0.712935620079245
0.678723409039189
0.648638608214672
0.698795545810393
0.641699785136667
0.699036773742587
0.657055272425556
0.654451641214910
0.723605181895947
0.626841271987309
0.716535489529692
0.676509035974802
2.36224801165237
2.03824843757793
0.643843671070686
0.688165636214615
0.650859810711954
2.42960505369357
3.18100040894894
2.09147775923043
0.635980197997111
0.647081949833250
3.05008355932533
0.658030040550328
0.664853350028745
0.682023973527813
0.693928360711681
0.646409934879648
0.697082496871385
0.809923548586875
0.680389238598025
0.686643549141604
0.626202903680411
0.687969904606622
0.670351390242461
0.714911019762444
1.00994479724829
0.780088497258840
0.820374129406821
0.673632680604035
0.737894802107846
0.706721134850547
0.698203514011336
0.738474550287430
0.681466581947428
0.681766432617832
0.701746617946963
0.687495920989920
0.670291877551199
0.724485313814803
0.680981860975590
0.689412248545415
0.678803330411525
0.665940762347189
0.714152625937435
0.743882267820505
0.675924392517388
0.722402184305176
0.667853191053244
0.670779159584832
0.752502162787589
3.29453997247635
3.19493111734823
3.54663385520223
2.38179106194850
3.54119332175218
2.85000019515399
0.675535383792408
0.647790045273587
1.77792915151932
0.669100134210120
1.27994208373313
0.710807213259842
0.670111467079255
0.763124009974788
0.636050402195717
0.668863095442142
2.76609250855988
1.37247376173260
3.33235510252301
0.683851393180971
0.961262645887053
0.686027032120455
0.770983948816922
0.697807065806079
0.814462963526001
0.691592189580600
0.671713878158782
0.670474984585969
0.876721700718712
0.627736292597811
0.693983636678688
0.791589630455354
0.657237152987159
0.661216906233415
0.639554993448135
0.724851933585213
0.642247069938388
0.661615152184410
2.66510933836160
2.93680250546596
2.31334909051310
2.20454583606491
2.90098959963665
1.01302796308888
0.736324510691071
3.15329442223350
0.678446680177923
0.649016718839610
2.99238887218891
2.02231668415211
2.56538643025872
0.851786946979375
0.990421528744201
0.704055980760369
0.658614241908300
0.681633449867139
0.665004003613679
0.702409023274742
0.690924416448315
0.663455436416879
0.651827707637873
0.684726652581565
0.667033338996885
1.32622650086627
0.666839292983450
0.690167234500290
0.675197996837471
2.88549555390404
3.07349675253520
3.08759903731758
2.45248282193554
0.674631060868746
0.645698245329986
0.847407705102253
2.96410655811232
2.12640491258002
0.711285805675578
0.658690543831725
0.688344112215847
0.677340520286674
0.664392352939469
0.653292363528340
0.676195758424372
0.648814016066580
0.678391605326730
0.668429016858019
0.717516612846777
0.677987274954331
0.830171076090813
0.672767155097347
0.659196219278532
0.674120622473786
0.701453413848703
0.648343989372583
0.895246201940499
0.726823255987619
0.816932605121812
0.667030778533578
0.669303298496114
2.70365123074951
2.63911779052942
0.665791101772921
0.664763904087592
0.637782922300196
0.683210764828671
0.672896429821609
1.78193697685661
0.742802680318864
0.711676358107313
0.631428267008833
0.675687963782100
0.808019138785985
0.650461802294681
0.704055281494287
0.615238433328449
0.696563321633033
0.659909089631123
0.676703599681738
0.656526414142391
0.676719812724094
0.748789896314195
0.652994545391545
0.658039243223550
0.907838277252311
0.693629353841885
0.667863318518260
2.26040551912950
3.10833459014094
1.98429294181412
3.05529441496415
0.658362635719184
0.920405876339347
3.56326751323994
0.723665240317956
0.683966341098417
0.740397367499372
0.647243877220944
0.737975370215324
0.750655907042486
0.691441191313075
0.698612161948403
0.751175415421281
0.626995348396710
0.682315705390270
0.741663087242299
0.705018463036410
0.860003075033262
0.686502571557861
0.708150125875706
0.696939870848108
0.675981657394144
0.626801963781225
0.768497010259492
0.697909054422168
0.662763798783381
1.61933175533750
0.670590606737408
0.636933286110528
0.671362522122818
1.60832867264264
0.696865657115248
0.748953675069427
0.655923233702780
1.68634125507133
1.92284629303656
2.80987889646116
0.626845754321676
0.678945223203692
0.653101203643050
0.656893295326147
0.658221978312282
0.661442623815551
0.629271380019075
0.893976848146652
0.704763216548651
0.956906782084859
0.684219564840930
0.689531027277075
0.700982879898726
0.667045332076047
0.806645570660787
0.672113039880776
0.781213105425715
0.678083444570062
0.762235197152282
0.650732962572035
0.662686582011269
0.683429704537668
1.03115428941443
0.776291961270586
0.663414016366184
0.657245531931899
0.680192901642207
0.723930344055590
0.619512040040834
0.658770075839987
0.635525748792114
0.860807312998159
0.810531672326532
0.658018908897508
0.660587843262852
0.673862026184391
0.717789646902211
0.757745054795257
0.841208780030261
0.666226384964017
0.670787735825077
0.715769975760369
0.704277739815764
0.668576995117241
0.626466473998764
0.707622772873294
0.647549943110354
0.650789528683771
0.622291836127641
0.708892562428657
0.667148525509042
0.665426517489180
0.680021256873636
0.894692691412345
0.668523537406625
0.759666804212361
0.753261578986860
0.765747379739414
0.658684060381000
0.717967634863238
0.694525600168121
0.670673321090248
0.638717431594146
0.843120708242104
0.643834392457495
0.670725790501934
0.642821153164358
0.669516818658551
0.632777222778022
0.736076619230483
0.725887093011028
0.673743885200040
0.716915701599568
0.644396115116919
0.677503668821555
0.674484432437102
0.706514272042682
0.666083443521406
0.653714161116649
0.658567834386777
0.789885706317341
0.714842946278723
0.811340262761425
0.728158747114941
0.669734885674092
0.670667751009727
0.810355790255120
0.685103301943096
0.694332633060937
0.693183621288200
0.659155103446829
0.648312575057570
0.741687257047515
0.686217884008668
0.655662674534534
0.804583820700698
0.676345998369999
0.663337645999381
0.644919678633618
0.681133317314280
0.681834309964264
0.687248153661479
0.681021130427602
0.719265194780216
0.676777549305859
0.688004858219281
0.657867153408143
2.93127383892320
2.14613207892711
2.05492362430118
0.666035498436666
2.55413762782840
0.715381070292843
0.656998216165344
0.669266224358190
0.655350367208259
0.667745867527460
0.728941912271936
3.17510865026345
1.69972444835430
3.34024211115169
3.36008446700377
2.79778143124155
0.649285024914157
0.652038643895692
0.870225326606085
0.998543514658559
0.648103165810300
0.627129016214190
0.664836976391790
0.653871642891614
0.678906275989387
1.00272147875447
3.16391885064147
3.23456952523825
2.14969542001755
2.43203453147543
1.46347469267873
2.77866385194595
0.654583114440872
1.03267300042172
0.645019638856920
0.670462180439732
0.678665035836286
0.766449982625525
0.881236028453470
0.737144608653327
0.672065213337052
0.655443073602379
0.626603977059408
0.686997091341085
0.646228134055184
0.835801589839226
0.674118899107074
0.708570287394114
0.657741937371928
0.672410952634044
0.646105673761396
0.634758804376381
0.643598053325555
0.682381960488406
0.619627555552527
0.652997542942459
0.628255944022816
0.801511194085550
0.773441985643109
0.697931821343922
0.950921078627337
0.875776068359436
0.831682307401357
0.641374802644029
0.724442883815633
0.675312450647846
0.771628325195780
0.666513502688930
0.786722611372296
0.644199106384561
0.664281950245694
0.672946583136846
0.655231499191952
1.29047776219163
2.77682809834851
0.696960767746491
0.679308487147858
0.694532784827326
1.87897734469814
0.707030241157414
0.727266321248428
0.670281559628324
0.896460432057347
0.666893148246237
0.628289319130393
0.684606545331778
0.740654613958340
0.712029055742967
0.757027724987665
2.48664979882572
0.844644089135247
0.721384596037371
0.665322419332662
0.699241230795528
2.27575683008728
1.89357723218369
0.714963345758213
1.35903775413996
0.701042004051430
0.674506152447024
0.653835037639040
0.652476112615116
0.964728767570335
0.677938569275352
1.62334467960443
3.37174523323522
2.86366616959217
2.54195661337657
1.67824726261259
2.41216709723389
3.25090426035930
2.81891672093298
2.62990574587760
0.655782826924347
2.52209289038555
2.29845332007804
0.689331521725537
0.782696608129726
0.686831172187816
0.689383205900592
0.632481280267558
0.862552626632782
0.645074423113764
0.644464664732589
0.653953111655908
0.730378666887557
0.750162991015212
0.700604701573338
0.640742050837239
0.742173595910463
0.684876291100160
0.680990062025708
0.638115673317411
0.659373321706132
0.694231839981749
0.660167786281976
0.706238915523635
0.695760152878371
0.650135098045869
0.984423422686261
0.665843257598129
0.637167345452599
0.771380980925336
0.933851175104708
0.701451747829695
1.68661507534404
2.95688659247076
0.685010354601382
0.672088579611679
0.715506473609972
0.661782268440476
0.723708443627527
0.664146448709419
0.642192493398808
0.671831055978940
0.679214379313827
0.667620430966911
0.623052833304599
0.866488302133003
0.687942187881123
0.652571254500227
0.694798213664306
0.724445084016418
0.654859745950739
0.731460134707741
0.641516492175636
0.664666096138170
0.643887152518031
0.673300212271201
0.671439225726681
0.673475172568868
0.781520113567854
0.648937872321637
0.684709987642781
0.815295207108035
0.649374180679624
0.663815837580140
0.720884730067467
2.62560817879507
0.701507130351028
0.712339149360128
1.16549898103774
0.729944700599527
0.775147846313492
0.686004503127429
2.27840327791684
1.67861746098124
2.80802011550250
2.62790327515641
0.636451267698915
0.635572577532347
0.873327401799195
0.870313761250632
0.649386359453634
0.670215613813943
0.655397270550042
0.671087714005322
0.691092020774208
0.818034046058666
0.660823759510305
0.939516675376819
0.801238662849245
0.712219819983815
0.704482439967259
0.705246760298203
0.657960691868781
0.626329922892968
0.670609546424411
0.762700636772603
0.689113809984324
0.633883632906440
0.767544116878995
0.672455690964922
0.639220566871179
0.659149606639747
0.647399402103867
0.648519720645924
0.718731722735728
0.776293355232272
0.691679845047146
0.670284316789028
0.692602213539634
0.657411947192254
0.696175930877629
0.696583450165481
0.692429191309680
0.692669788299030
0.652973982279029
0.721090018806406
0.803539927307771
0.920611133287738
0.913286165546034
0.691702607403564
0.693435375663964
0.682813387764996
0.671596921093466
0.644609161499345
0.642871466797386
0.805552267508998
0.677964190532542
0.673022501043695
0.690782624210476
0.663606395371366
0.710546624961687
0.662413476899269
0.971196606700552
2.88916553965174
3.57536563723053
2.41652173769104
3.66598402022643
2.46814384819398
2.53613155735704
0.661536850405512
0.678258636607993
0.669421591740877
1.10966735182716
0.783974556744173
0.648626392052210
0.754865667048707
1.47171462463195
0.706864545282742
0.835502082143825
0.630517254588115
0.653989079470496
0.721608027748522
0.702029253901384
0.670763720976156
1.35158042697347
0.664952137976862
0.699821414600420
0.785793768929793
0.671506062850102
0.652096316726976
0.712091949977124
0.692040917801188
0.641430864586702
0.667968884438323
0.724136460773950
0.686804559261383
0.689835967072366
0.735915656504799
0.652120827284160
0.742911878922692
0.762314075430855
0.650608732888755
1.26433707131884
0.851105214334084
0.681578566059050
0.734458855439386
0.678282868032701
2.32665041373502
0.659593104977101
0.693887538870673
0.682214426327155
0.821325465154412
0.660861435182226
0.684718947046483
3.01815109951992
2.69895358152830
2.59780142690785
1.62064503990781
1.73517744233199
0.657414071157254
0.667350948951649
0.710408184762660
1.23602283826437
0.690153163145689
0.640165237488642
0.734083948408567
0.688231309129908
0.734029418151011
0.672775955954961
0.668296486648453
0.715845493990614
2.07323724024370
0.719739720253864
0.912631947209096
0.677861368504734
0.762509508356016
0.682054098734111
0.656780068245409
0.712485069208081
0.657976633762764
0.661679645061633
0.913006909222974
0.891001747423152
0.677834241077992
0.649092212076048
0.671845423888561
0.727924813715141
0.738040557497426
0.730427481988763
0.667756395834422
0.697776199380734
0.677356873623088
0.659986226859655
0.665351205938972
2.33765086455993
1.36120834364994
0.809560227517248
0.719567617994770
0.693321974778754
0.660658317387538
0.650778433501842
0.660465139360974
0.694088554644787
0.739018580851960
0.682899245944166
0.694571561995835
0.660242071953748
0.668663113832369
0.728253364183403
0.747618959764933
0.659442263145321
0.710560341670963
0.690449647870462
0.666715210099318
0.672617808400713
0.676203603411477
0.707614458774456
0.695337607161682
2.00824766113810
3.16072252631859
3.38750550347072
2.74355309691243
0.682373516110414
0.698813435872233
0.646483595288989
0.709762862605063
0.709126440222209
0.633746370526535
0.660029372730235
2.75632946351565
3.12297126572685
2.44217870787996
0.766878511847433
0.698584126215304
0.742520675716621
0.638266901695521
0.642715228991641
0.715395352654740
0.671793181186657
0.745224926895677
0.702915654036022
0.662149047001085
1.60414193675137
0.710185289015010
0.643387017932787
0.757572301133327
0.707223618713817
0.697465928439041
0.654052388829315
0.645694275145409
0.740906865762043
1.95834092443351
2.94223958801983
3.45601127017195
2.08396115402588
2.51291779060385
0.714384395624030
1.90881298725441
2.20404745148052
2.63373612600891
0.687394530414990
0.672128859900474
0.691518264047387
0.648336875037456
2.82917792699968
3.37107296089341
0.655555484337096
0.684692068808226
0.693854686051449
0.651766993334274
0.691395379102612
0.642124059699093
0.661959740031237
0.831311719820617
0.686472744898797
0.634076468627142
0.700246676599674
0.635786655184828
0.885081590087101
1.67378948262120
2.60540619742019
1.44073457980450
0.659118059278204
3.56171762714128
2.87690459308844
3.41509492584841
0.689654046847645
0.647466332372237
0.660020483402683
0.949654176248737
0.694634575906242
0.685194618143877
0.717784393796478
0.687627852354261
0.674275117605731
0.714035255198696
0.642041679868908
0.659854543685366
0.660857264820980
0.750472380082483
0.664491917783806
2.50117320399403
3.04841641882033
0.673202096979635
0.746147796247127
0.848963658730128
0.682238488588200
0.669004721009750
1.87174354125891
0.682751668601240
0.676696855599151
0.729666313461160
0.704502104073823
0.695171413921296
0.645657973422806
2.05035204148513
0.673790581808126
0.681418402794250
0.671289647800742
0.842524489812215
0.673858186515036
0.639366184609588
0.735258987099859
0.661898993888880
0.629850169114317
0.655126220306693
0.664857818634932
0.715261756810439
0.692996868439293
0.674969910374612
0.662243584575276
0.665276824637684
0.717814374457476
0.649801142504382
0.694697225959307
0.711550653697808
0.639424298950930
0.642956350358768
0.714693957143740
0.669250959406609
0.665955525758957
0.751789802582256
0.676403515004994
0.629184283797504
0.636461771776855
0.668566127702497
0.683218487227101
0.707197584711813
2.24914279622260
0.652783814937568
0.655514781272449
0.792826365760148
0.693576840267577
0.663565765341562
0.662412857396688
0.711452470966574
0.729493420105883
0.686668782343019
0.648874545296187
0.705258043587200
0.681007712519551
0.651124898583640
0.889697202298500
0.656864577418106
2.51724393207686
2.97579158902860
2.19086832161233
0.677270649904617
0.653783691683351
0.639315812081774
2.22366711150748
3.06614607622229
1.87802770713202
0.665561130241910
0.730452164986410
0.661308447398035
0.695160125023165
0.641653704544403
0.653727595596549
1.02712159703167
0.647643729015678
0.666304230396629
0.740627701660333
0.658565994246422
0.705821514265469
0.634945224934141
0.647151836622940
0.734980585624168
0.675527470532801
0.642167456613408
0.677240058292151
0.654307782842974
0.652610151911367
0.650414293508376
0.681944455346458
0.926630120106663
0.661125462559448
0.716480489290067
0.657629323825782
0.694211550977879
0.762893201306710
0.730434404447107
0.883726410994313
0.632352927494695
0.719711076520757
0.683383111829180
0.713371991584880
1.05278035519708
0.636461274112137
0.668350887067897
0.673564667801920
0.680405118554789
0.686397830885591
0.761697954076578
0.656251625962007
0.729737662710222
0.709007674601936
0.767390864799535
0.629981974327661
0.653695602487206
0.649036092781698
0.742834796887347
0.644036007326713
0.693100760768431
0.694883538475653
3.02140716653313
0.658525360837885
1.12658150947408
0.705175503907440
0.892164697949132
0.666126613673740
0.742113370314806
0.867298563984104
2.60254048799758
0.673420521731324
0.700979794272116
2.05666423104124
2.86195386853108
2.60592350281260
0.704001915054214
0.687372202570534
0.696598093435360
0.782162043895708
0.800350310426628
0.912851097776144
1.79261302986574
2.44025853196837
2.57751562745559
2.82084044778226
1.28003058175273
0.759195180730519
0.633151152042965
0.691443742662168
0.724642072566404
0.680645273904762
0.677613833192131
0.973658716069331
2.23094836047613
2.57127099593869
0.813548369210119
0.672956523079727
0.646359776801332
0.641889685260983
2.66798190808875
0.856328484428986
0.720798163827973
0.690105196683005
0.658120821193866
0.664403822970472
2.40672754113686
0.702443243274659
0.711998009766257
0.671980587136927
0.663778733464699
0.678902827394646
0.671395106161624
0.636512758168374
0.654931048771124
0.646780270364931
0.725473083718479
0.651960205380666
0.658067846603474
2.23082184042364
0.936143077229354
0.672832713747547
0.810665306728574
0.653083362349538
0.693871865932993
0.766482127486059
0.718504028226549
0.664646280028374
0.851446898898836
0.657783962592920
0.689209075809205
0.648139741825275
0.696781834866552
0.750037268022211
0.657421978556306
0.693769736472012
0.751356266434979
0.766143255040756
0.655282918304928
1.76521306387265
3.35878892935799
2.80237601695815
0.689673339632612
0.649577036112303
0.762856522872348
0.715537425203369
0.733976278696314
0.694521537830981
0.648026943901426
0.669095008799199
0.661769395954680
0.808936685875696
0.778051954263552
0.644136684908137
0.664572031561165
0.637876531887898
0.684454463155390
0.664680520032828
0.659498952319950
0.709361809923383
0.724793198214344
0.652132001651336
0.709485441397888
0.674214719193951
0.676500994119332
0.854573171992246
0.738243902785523
2.98796056643621
3.39072447198727
2.81980470997550
2.61561671834133
2.91707031155499
0.665461644524561
0.671602196839766
0.668010425001819
0.756303903408617
0.895902795086858
0.643184308991858
0.660980852252503
0.645899191257170
0.690798869071969
0.997257549493722
1.19731666861083
2.55355922856271
2.84591744169706
2.80574505635610
2.19233553920116
2.23740856742299
3.17671831066100
3.11429105538038
2.39232834894284
0.647690673855970
0.695524411585324
0.653854337346375
0.645803138442531
0.749269114048262
0.898886700857109
0.655580927049522
0.669685831997197
0.660541214594349
0.805578387523179
0.783621617335533
0.718128948433203
0.761344767923471
0.705678089861880
0.681422433313009
0.692718165377843
0.688735555638011
0.742453449704275
0.702727988801104
0.713348506489718
0.696486445891886
0.721913570711742
0.693821882954600
0.655202323001580
0.766479331866018
0.641263144582628
0.645331934003304
0.670428467772663
0.645664616121335
0.691431312889751
0.641001604487505
0.640266004025757
0.762867548660972
0.657722741096547
0.717998545944055
1.61437111763890
0.650545277406235
0.722652293353372
0.808881882587179
0.665533970816751
0.728528487981081
0.642729065919519
0.656636514553101
0.650941758582645
0.666673895810805
0.737817077827109
0.693124720635150
0.657458472909126
0.663788770752999
0.685453319992608
0.665954669044540
0.636259584446474
0.677951689822611
0.664614985386276
0.758014516952750
0.816726122039832
0.950283321939071
0.649890059146759
1.55099508737670
0.637369987404839
0.716593700921241
0.640599435719736
0.707436591976035
0.690993592123368
0.669402391507198
0.677565881634808
0.684808697033948
0.625640216187476
0.842570077533944
0.949398132128397
0.790307023447920
0.675944757111605
0.651943727701164
0.669566467964326
0.691784894634484
0.691201988937468
0.653991470518623
0.709879061421341
0.733709883309927
0.666169325772359
0.687078306502735
0.667249319170378
2.91407413143714
2.65086204119004
0.740033319760371
0.698267330357396
2.24711621488026
0.686549025408156
0.719555503318233
0.719518139775966
0.656064753088020
0.617730516667440
0.661799527534165
0.819574435694796
0.673311495140911
0.736292324933212
0.649223409569721
0.677469807920947
0.673274222487885
0.753083249463313
0.673725787790057
0.643090684826885
0.640835140786355
0.684239379262356
0.808270464977879
0.744132979319632
0.660855404692366
0.724210562505439
0.660380197714418
0.684693474564429
2.32829960047623
2.53339082884755
3.27447299812419
3.29258381382228
2.73434595375608
0.691919299003383
0.931972205820658
0.728665699679139
0.675810453636554
0.657543669120158
0.671034851438019
0.904865732249818
2.98309297125949
3.44500160802091
2.37934668996438
2.75435680666104
2.70384359183162
0.660212129478936
0.620320783663134
1.11009980485240
2.04679916038026
0.657557259897908
0.695687682257236
0.745312836062817
3.24243057954643
0.636364607228697
0.682942381252702
0.681965822115253
0.652672498731179
0.686330297985841
0.930204476577298
0.721334606853466
0.716846657010177
0.649019819094747
0.665395849016876
0.690844925355097
0.664568170435175
0.693918627746318
0.672720219820659
0.672991473695371
0.663973742938010
0.667511736276349
0.663451628178975
0.679200935838905
0.657747130962111
2.54170022488884
2.71176578975152
2.93610049248621
2.35391182389844
0.832023054715299
1.98686667651467
2.54015968408812
0.652264428229329
0.687441039443465
0.665005614663014
0.714719692047169
2.35688521103124
1.00126922761951
0.625064709805669
0.722438294066236
0.707146084750370
0.703615367591635
0.668007525905709
0.659260900537699
0.690633485898595
0.647486264101409
0.688951815780078
0.700928100988650
0.683212881091164
0.665921440161425
0.707114517756652
0.678071023123684
0.800811523504612
0.986335606125578
0.982721926295644
0.665036323803278
0.726286232157971
0.684853250817688
0.873127683471578
0.678602159524350
0.648290057236042
0.674470781806826
0.657604848353308
0.705330267179851
0.663557229466892
0.642095822668929
0.644593085442281
0.701381712273075
0.639640924356088
0.675305482627431
0.660005783139646
0.667484405194442
0.645638949585775
0.811530786956218
0.679544652853823
0.653796327595818
0.706606616049160
0.705443926222662
0.643558897157915
0.652060172819793
0.738923667445502
0.757411978897732
0.640070912946371
1.36634187448741
0.683280207658452
0.731127770578516
0.694082220970013
0.677903242505890
0.800040179421564
0.664418173458720
1.06780457657549
1.88042883812886
2.72866861473585
3.29312087249230
2.16621035078416
0.638926106247385
0.626642523772525
0.661697313496805
0.652960978109208
0.750015981385286
0.679172160730334
0.651136118675999
0.696998409849932
0.688655038285175
0.649970413189879
0.685980026191239
0.714084382937728
0.685069144750286
0.687614502270955
0.629780444634830
0.674695381223589
0.656429794198215
0.777039970943866
0.660965694150948
0.714264905961989
2.77241225887814
3.46967902680413
0.672230752726407
0.680158049769807
0.639275852647179
0.742882910184670
0.673652899183087
0.783419521868357
0.634447686119370
0.668484825141487
0.673755427320956
0.634922855331435
0.687325054654314
0.691315905726977
0.670616047791548
2.38774225002523
1.88843484695660
2.76291673336953
3.07656582004098
0.654954918278944
0.721321994843111
0.657769251722145
0.732029500255587
0.660642528132861
0.631195009362752
0.674576810699370
0.624731824118691
1.75222480441295
2.85205271389261
3.15213507802780
1.25797447561988
0.778841828614771
0.659177525136017
0.688248134016924
3.47068030917411
2.30490229768832
3.43952222267376
2.20657524260762
0.897353585073601
2.23202203295079
2.26515167644710
2.85200353624138
3.35522346412939
3.49334614122652
2.19752935006060
0.624395846025046
0.653351205384805
2.78178851972771
0.664390554903096
0.805938611158167
0.659023993442829
2.17504305247301
2.29180551822745
2.23040626782058
2.97702750359781
2.49372976580596
3.42631493696783
0.740586191712724
0.712822126651835
0.875492537908424
0.653451322288049
0.663995660728793
0.690295615934056
0.859253310665073
0.710571710479198
0.645872912886119
0.677285859097422
0.652230153396790
0.649923910247278
0.678790510622468
0.639437035576347
0.680113028972228
0.677635093525843
0.715292500667462
0.675496019463558
0.719408727034454
0.697905174408864
0.651217465521311
0.658167254849066
0.684072037418413
0.680754295893737
0.916373349265704
1.95991897658494
3.28759666369084
2.77235404515128
1.73699085368922
0.910046634153071
0.701214216642976
0.649669567994205
0.636447208057703
0.962425332053234
0.682175964070529
0.652876870252815
0.758300311691292
0.729869180196013
0.672800626997990
0.753590799557544
0.661343902771722
0.774781430813448
0.688210739591362
0.709609118678101
0.748407249192874
0.700516015599295
0.839503481311027
0.627706966222651
0.655392285208722
0.742120100253322
0.688429742029723
0.667390888293943
2.62583261596097
2.30086484609109
1.98128155952993
2.67737296109866
0.707493131603881
0.652861271379048
0.650743603067547
0.703211965025877
1.02944371395429
0.702578500208735
0.771757224837506
0.657748353788218
0.687791786549130
0.644130498113542
0.793982452506911
3.43365619588411
2.78454552516006
2.86086911623801
3.08121691505519
2.87155368582933
0.659892041759694
1.00329683300164
0.671446588791692
0.632155326359309
3.30968874961243
0.628897069709256
0.621345273901717
0.801806079506344
0.641430934621093
0.666396147581235
0.644025043750457
0.742712933537881
0.673229887301177
0.697123137297533
0.668478441803141
0.820713537518827
0.628582775562084
0.629319202789808
0.706427410708276
0.665623592881142
0.629983113671399
0.664529405335502
0.647214843704246
0.935880725674425
0.689701001980810
0.646714658579981
0.725506810336364
0.710502445878971
0.627123861520903
0.698303089002985
0.660430380719859
0.636987943109339
0.646872448271940
0.720330124996711
0.881375164438441
0.646968208784464
0.641610017239617
0.645388894199114
0.725565460114462
0.673205122232444
0.681911186445860
0.648133244719873
0.720327430085328
0.655169351677700
0.681697543326788
0.693671742396935
0.690728998506489
0.705780295905807
0.679930348818498
0.684321345064664
1.51003838010827
2.02133546520336
0.689733165973947
0.884540809095632
0.716817943925327
0.666778842995687
0.677247610553186
0.681357059942387
0.654257523151244
0.717585827820540
0.718999464394794
0.674670897203468
0.646425634667713
2.10837462078678
0.664495014779394
0.691269719075783
0.647177032761001
0.647801703558530
0.660447847482634
0.721254178143107
0.687311068229744
0.669633764232360
0.672398023775931
0.757414292958469
0.691253684884693
0.737612171868719
1.34578670384443
0.697169338858534
0.649051620032388
0.790614155114027
0.704392954520258
0.672915283177113
0.672404500414578
0.728691087361442
0.907011010615515
0.700648057206089
0.694123810809954
0.736118129484362
0.676649224372898
0.636912690510507
2.05938554567457
0.775814559400491
0.674918836996963
0.707403401823254
1.45257115988627
1.82159738794157
2.37605994960378
0.642079046985477
0.664849266659577
0.663253857818491
0.640658075141838
0.666092055883503
0.717019415900140
0.667684131257688
0.666317662296963
0.734562285068084
0.722205939681412
0.678421449739516
2.10305373962616
2.87944491123241
0.721815536623528
0.783601217556198
0.695166860049521
0.685727112325142
0.717748950244985
0.636838974048124
0.670033141203561
0.733596203582810
0.778368563057088
0.661866586405448
0.636329159214527
0.648001896945097
1.17277528321120
2.63011106354001
0.677257559787182
0.699383486793905
0.635977405031902
0.663167401675056
0.689924452514750
0.792249364601267
0.802139528414131
0.699677209210711
0.701547254668802
0.756959401289131
2.68264551915952
3.39782293445213
2.66747152120589
2.24143416251490
0.676814739939963
0.827138522121765
0.623289811671371
0.637365375223140
0.693052413586287
0.660377299579566
0.729780952447757
0.715884502354333
0.646433692655326
0.680980747729169
0.761318566158594
0.813537352266835
0.828694170393665
0.671685491067889
0.665934080488118
0.675648689482930
0.724323481249151
0.757817748655821
0.705703543659328
0.631358495837877
1.87863186798266
2.45148388734026
0.652420617597779
0.663898110505922
0.669572860162855
0.650611660550627
1.52075324297607
1.00006712228063
0.686021565922757
1.10229206182189
0.717357644956668
0.683542143169599
0.667454983434172
0.748308684612618
0.646638627089694
0.654912565360191
0.880017027979194
0.705490451325254
0.761885391147805
0.692338952135762
0.774855611897396
0.676814793064625
0.667537229873111
0.786201534015859
1.02019936076784
0.628346715737242
0.687869698303715
0.703974008279662
0.719312443193730
0.663036644990305
0.760186114842938
2.26908445358230
3.62535642577848
1.73108186524433
0.737695915386399
0.854235178585694
0.686092696296288
0.675954085357217
0.709148850759369
0.952284857604185
0.669961180848894
0.730138092220308
0.677670155213188
0.648577501083033
0.657989668797652
0.678579602192043
0.654545753277289
0.641607339941391
0.921442910307283
0.685973320537241
0.681772969478192
0.667596693104785
0.754517900207366
0.778570807712582
0.662707975221532
0.633748597894570
0.662650985260466
0.734331767164316
0.687179197670528
0.934911960584763
0.642427611469010
0.685570237085725
0.676105947417513
0.721375260087748
0.642759477565287
0.697428714493460
0.648703381746148
0.647670033564760
0.661314887679589
0.752939719868434
0.706566279787914
2.99241821448808
2.10298975482790
2.95402172426376
3.33164643402561
3.27015674269598
2.37245592627368
0.734744907948028
0.649110928749642
0.960436973801220
0.675042575052369
0.664459487553606
0.672000292113032
0.651959090945641
0.709946814878098
0.736643482108770
0.666358228982980
0.735550630419899
0.719671263178157
0.644063103171317
0.671763075826920
0.735036885453905
0.651856309439094
0.798547154831128
0.650305725622786
0.654677875990255
0.652710204046686
0.730115015185964
0.645114343663199
0.682755327494573
0.647939702818780
0.910556700632457
0.669925545415310
0.643498540859953
0.635069359781539
0.661129741057768
0.657350212934053
0.758436948950494
0.653260570182799
0.719309421212071
0.668694420577225
0.683936527708042
1.31134874325804
2.78307897362695
2.63110129783455
2.36195962909332
2.21129062543424
3.32100180121066
0.701269995729969
2.58364099942525
2.97514041093862
0.669793864541754
0.656360674646358
0.685293066942896
1.21127879985484
0.693731894738722
0.997779937115951
0.741690809839248
3.02481239659219
2.79653396585051
0.855948109045039
0.700131597757006
0.747671677171501
0.645519944558046
0.703482763667865
0.624847093757967
0.673452016190546
0.664773370839851
0.748902853409202
0.671241069495735
0.678163164027983
0.650920717957776
1.10187509627907
2.38739173827375
2.03909869191159
0.671029462741143
0.680792945958363
0.736627271752064
0.645432948940305
0.699075482985286
0.688024603565244
0.896583895522952
0.697237673617190
0.683386790852085
0.735614785377963
0.637651296155578
0.673324995855972
0.695779914676090
0.714456273866125
0.700042450189034
0.655658137022980
0.750474437554153
2.91393671768394
3.01191707771350
1.92792547022268
2.44311402170354
0.730038640012370
0.723136239876154
0.655085481054869
0.682220341613405
0.666180245145578
2.76501756803742
2.22521808778376
2.91040809903201
0.644803862736569
0.726016147341090
0.678598912285862
0.806729667829042
0.780853017652988
0.942146969355985
0.773752716972433
0.641577362478170
0.830686648087660
0.666169465810148
0.653808842790545
0.655196489289876
0.981767359566976
0.719667854900980
0.665791705181800
0.684335374083660
0.713313367368555
0.649110463377896
0.660309728957219
0.715609553162741
0.793387674539447
0.734307259349473
0.648596841959626
0.674127485322077
0.665079631021730
0.674359413979090
0.732507959577535
0.722269311022173
0.743241794244047
0.683835376160731
0.654839832715689
0.643826555646438
0.686721442232746
0.655582468293146
1.07758629320863
0.674159994445763
0.677284335563728
0.690668290667331
0.658884513198886
0.702587225743379
0.677221432423202
0.693519465271964
0.667632796761147
0.999752495092883
0.654871249975478
0.733773781791394
0.688475956200844
0.635972895491624
0.624777451577760
0.853935472126293
0.652286956160996
0.681744090501219
0.658698669499188
0.636133980349703
0.711007554390247
0.704558220258151
0.677000649351404
0.654536256138650
1.47206047201420
0.716326757004092
0.628148932287028
0.659860441995966
0.636021553163797
1.93655724779827
2.86069848615101
2.82820649479489
3.33769675297203
2.95682329227012
1.79348816077621
0.668199528035352
0.668793792451920
0.662192519236916
0.703869464018562
0.675984428420261
2.00732871946221
1.80586848398338
2.22482496710291
0.663888083222198
0.999746454079455
0.685393504313803
0.671719240853895
0.693381652082347
0.697616007190839
0.657335534326944
0.667405905294688
2.16119967525241
2.64884458224504
2.28823105068328
3.08202885622802
0.948561470859954
2.39558062443232
0.698582724760163
0.679482464870630
0.745685079805439
0.705303737737627
0.670890031641219
0.681691990858041
0.683339341306922
0.735443665491186
0.799977566421570
0.750182485532687
3.01602811495516
1.59652170788735
0.850267502743826
0.661353110154561
0.662544340587439
0.666512472618147
0.752572513553050
0.691597865975758
0.683957753958532
0.643240882459026
0.724535171679057
3.35883173304846
2.90276836142864
2.59828376818665
0.684530753614799
2.76471333228440
0.788958963557534
2.18847357299811
0.640115503205823
0.682503832272513
0.644980959443335
0.662038620793547
0.678036311892250
0.622070385996097
0.753196310045839
0.749167585642744
0.688436316961207
0.642294585667494
0.681598552505636
0.701389749220154
0.691817202751003
0.658498458093192
0.659534350112091
0.681634455995294
0.746341428406300
0.686872491466454
0.888267682589732
0.651910511326346
0.656531444266846
0.933579508070357
0.735851095550059
0.661681552913988
0.681234270570705
0.700372794842544
0.688476366478908
0.756961844598377
2.49002642728502
0.682884288213522
0.677527582021574
0.891214939544141
0.647530429366494
1.01226400310284
2.20537941438152
2.49465516884042
0.656785727852784
0.724666843575569
0.717305300892785
0.665639735759684
0.785001583820058
0.666062135406467
0.711157354458210
0.658168466123986
0.658831941224602
2.68489540472457
3.41764859100523
2.21370148947664
0.716100683609970
0.948348571172248
0.952786083103419
2.35560434785735
0.714076697763545
0.664351720167028
0.690619534170427
0.694786725069883
0.683466631860449
0.731465562916897
0.672213832976118
0.647728476120803
0.852625844774704
0.719325789333317
0.626835554440805
0.646951110809602
0.680225664107957
0.754226452407439
0.713094028177366
0.649859430851524
0.671502039328417
0.662027571513789
0.754650890957019
0.661229765445500
0.670778138333881
0.720122339899425
0.734909035489730
0.669233039116005
0.660303844857300
0.687318368572947
0.712057017520367
0.702816407226430
0.916103382618165
0.653138751193888
0.718213173863520
0.735553169707443
0.678555159388928
0.759919418476576
0.773225666657398
0.706325114927806
0.716248474545593
0.670245356981722
0.630183897269502
0.802698416274063
2.63647635177881
2.20923876743401
2.83810268077500
2.31382528289795
2.19773295951887
0.690511114931863
1.36356298819592
0.645702693453677
0.696310908207597
0.689559765244786
0.655282897109672
2.33271930935645
2.77516322595026
3.47960495570019
2.76254403103371
3.29295697830992
3.35484899322690
0.643757397403021
0.654105669037249
0.662546396815599
0.757920609768009
0.655812223616215
0.672888756234392
0.978894857524999
3.35088057826596
2.76145221517391
2.40965608765142
2.71522205813816
2.14938657424754
0.670025785689543
0.642146514555328
2.22883211910533
0.687643186252871
0.679731022177972
0.808745015289464
0.679122001312479
0.718869776524232
0.648310119550136
0.901212964904029
0.660640820516969
2.66273591633368
2.63644101959862
0.875320952654257
0.708346512049952
0.759810194178637
0.703119619015459
0.697583153800797
0.664312448726752
0.672401264408224
0.688030257199654
0.734629300078164
0.654339142392282
0.702504765883399
0.685583905473608
0.655938391297367
0.685213631812898
0.687883787584954
0.880273857892468
0.692003604984187
0.792042902036668
0.878426584158036
0.673106147531312
0.741213124621462
0.667607134406989
0.885331905922544
0.702285992993991
0.709035379919633
2.31634026428186
3.51246902970925
3.53506262680970
0.627176723685863
0.674331000127781
0.685645973905873
0.690055290280746
2.77622405207345
3.33149198059968
2.39074730110808
2.68431406839811
0.696250881986276
0.681002282358714
0.668215388927852
0.658117090021052
0.668844940110270
0.726673983541145
0.665430377091064
0.781110331629135
0.644439405047346
0.678005273611087
0.669739783182825
2.69661544471337
2.92452297634636
0.644912172607850
0.643534191459768
0.705635870009770
0.692288929598361
0.638464609181886
0.957050121745634
0.661124815934513
0.674406926005690
0.696160947227324
2.71571212225777
3.08625442678410
0.656135284610660
0.692239234128395
2.31918455775109
3.18372159959937
0.656585967545589
0.698385879200508
0.665728549769182
0.830787773006908
0.656945805713412
0.953457500375461
0.652244170179645
0.694867020419495
0.668944814747657
0.726256547830494
0.770968307289246
0.919868871959477
0.693409619633302
0.762849878576673
0.670524877473693
0.669164118500752
0.698889712202306
0.947343135041951
0.670791443412597
0.732137119534312
0.917009944802491
0.661189164796614
0.685220364197614
1.40978231922521
0.685161398682416
0.648138069224280
0.696928004140712
1.76479003450521
0.686484113193209
0.692932148931064
0.654032107298853
0.961472565241001
0.648717118798496
0.655392915060204
0.623173002624472
0.672690643956542
0.856833946962109
0.754431371240030
0.672110108092417
0.666072138118521
0.861877908871088
0.653167292149058
0.647113207749961
0.645744234662610
0.688593820235606
0.709845169862962
1.76879309163684
3.20188778289378
0.753988434394056
0.659443313796653
0.684707148056744
0.743332758534905
0.858674948873101
0.670060938588590
0.696286759237090
0.653792430414017
0.694030311121608
0.674865861700597
0.659141690163133
0.675461084461735
0.656602350657450
0.750369103441766
0.655161911353895
0.818729488333397
0.653407168412877
0.676074402891017
0.775276007195717
0.683989080825775
0.651078387207630
0.730127235456640
0.673501324060399
0.652030983892296
0.848009362251778
0.871506656798699
0.758805180310906
0.711547483806324
0.709444443475159
0.805869857965775
2.42096051322151
0.635123681305898
0.639441257609590
0.666141072446370
0.650104449505360
0.668866494285502
0.642371673185478
0.663896471279806
2.51056086395938
0.657018058689747
0.682764287535115
0.868420266409710
2.46847079053679
0.662385524684161
0.687247478892753
0.644166306200848
0.789828561313572
0.736117508086251
0.676242667243054
0.674361086131821
0.749981383813403
0.968179675611230
0.713476198606357
0.866123869278138
0.742908878575742
0.816074295106354
0.639512025445096
0.636460749300379
0.669237316635719
0.663767175831339
0.724490548224521
0.698138755644846
2.67293734456642
2.45043619421795
2.74652752935613
0.853893641178130
0.716975710653204
0.918509875795211
0.679703927947063
0.874528064564604
0.662040538973592
0.678734046098568
0.680157818401975
0.676326290385541
0.740139959872455
1.08858048925092
0.725690840203702
0.659296426031400
0.677589158873002
0.719214289191878
2.43230378406518
0.637892116253037
0.657673652590030
0.820068681635874
0.683940127853958
0.666568853091045
0.649390219308340
0.658828427876164
0.709677809290949
0.699064742479391
0.690827195597986
0.685565904052995
0.669624410546689
0.719733229174378
0.685150849894467
0.664041175915403
0.695101172731951
0.744534297844409
0.648507275740904
0.775105883175540
0.640240567477917
0.694477202857580
0.828213324116706
2.19777696500603
0.682194968840368
0.764491272401313
0.628679534456502
0.637538212972367
0.680965731198470
0.753702923217541
0.685668475236636
0.710833047909282
0.662164534823316
0.662584963407210
0.679059708714926
0.670603310642323
2.55940092915858
0.640034801744753
0.634655545928481
0.665522922119642
0.658106621334602
0.750367605688483
0.864553816974076
0.836414656707757
0.644530405023689
0.787956062551150
0.688457962954570
0.700160867023508
0.658974595362624
0.823654092025962
0.694535887625686
0.639580197560174
0.727222804831275
0.708617989501004
0.667811276967112
0.642673167169752
0.674007616046650
0.643362715615728
0.693963325591970
0.703631341210249
0.704077670021016
0.693041242110934
0.900229719337114
0.729671226908241
0.950167169818028
0.672608812345218
0.632805898624004
0.864382283547685
2.00497498394480
0.660078953206862
2.77450345224751
3.07222278133529
2.21381103343934
3.30329671648390
0.643187339151234
0.665999447964403
0.743603227534685
0.682918806040985
0.663732824042258
0.661208285170246
0.658809508802726
0.824233346261172
0.672741311038484
0.674426148316725
0.730681834118730
0.660721211539162
0.656290937499860
0.661737144777122
0.724551767570054
0.707111826909687
0.608289004741076
0.652895238899609
0.646909472062703
0.739637707244417
0.639469287734412
0.669175239712622
0.639672024156824
0.652808424339706
0.685167071093694
0.685407470082173
0.694709162343814
0.652258449048807
0.673497842840726
0.849714934538506
0.632569564501276
0.679094893140045
0.658561072659341
2.85760144692090
2.70872665114482
3.59141771962302
0.756367609374642
0.928324561215287
0.703644126877279
0.665546086942478
0.658057213486960
1.64513208744263
0.653658449004949
0.657493821855215
0.662213803641493
0.669519562356305
0.667960819193595
0.764370887331536
0.662446174182393
0.917765748943233
0.683436452739633
0.710074495199858
0.688377124079204
0.674970584116243
0.803724705273309
0.629582819174729
1.84586677188072
0.861352234299844
0.672685394701301
0.699293707282172
0.701511897230229
0.640035580347773
0.736830245186924
0.678585048153714
0.665376296742427
0.676736218330303
0.654853629956089
0.691350060790882
0.729692466103967
0.712260424064744
0.642102999802645
0.677998624302111
0.682993023276552
0.696164328573202
0.721944170094429
0.935809044160898
0.675505749116089
0.790694447080821
0.683237583470543
0.713122217902841
0.706189433210224
0.852579685959683
0.674138977395941
0.673813729700823
0.679161893578320
1.88354993808087
1.92755076619701
1.96614262224285
0.866651861424823
0.664529509636538
0.740685245581564
0.664450600354241
0.646775817145666
0.809706109221803
0.667103949804260
0.695479305083911
0.687454382130997
0.647702477616931
0.659804723097844
0.770782510093909
2.79871448138049
0.703708683334233
0.721125200903268
0.629220742329572
0.613570179667964
0.740372071866572
0.844037683887528
0.757720754367993
0.916380553348638
0.710514066402317
0.640828660217032
0.663115763280524
0.687649497022688
0.657541785896531
0.763295374936859
0.648493838401295
0.853039571701623
0.674385839280617
0.666835846550292
0.668771539798491
0.738649282120939
0.812240045293125
0.677231360286539
0.651021261967175
0.651199636517098
0.693800154591444
0.660013476916276
0.669695417733564
0.742490538555506
0.685383237320552
0.692113141457218
0.639406431187898
0.643358198638640
0.831351563940711
0.877255354893254
0.665521531265351
0.682682429082350
0.682549740718986
0.698434941613510
0.673317082510165
0.636615584268351
0.931506816877305
0.644252201220747
0.906578485331892
0.657902103609141
0.915373741581972
0.898155067235052
1.06025808500677
3.12610136643783
2.55467911969390
2.54867360473814
2.70681448691590
2.13730076176575
2.35424842176861
2.64738244331600
0.669405515380791
0.642306185380289
0.875274417984313
0.677404787143141
3.07813424469362
0.650065025499586
0.702380319374372
0.859105921615930
2.85364233287916
0.643999452363466
0.659907670898824
3.45079604677272
2.44532884577923
0.636181212985385
0.655613715875777
0.689375545612759
0.622564655098390
0.685859666598545
0.628263254359013
0.663873704957000
0.639994696037049
0.654717383761880
0.667944762120674
0.670245774788787
0.663560377425362
0.666474776900405
0.720231993719925
0.911322371489792
0.717116491698989
0.683619176182503
0.666072638998347
0.685028687120312
0.691306175696092
0.691148657124098
1.68597997048864
2.65751985097216
3.04616511789277
0.677963067315945
0.637030259371999
1.29097842974492
0.690464226428696
1.19731013916844
0.726855223976702
0.679034454812289
0.734973378142214
0.661194779387201
0.665078091104095
0.676644087390114
0.759517544132092
0.688682257164604
0.660399764822625
0.719627047419549
0.649920402835780
0.652790741441016
0.670456879995525
0.676664419093148
0.925166728505372
0.698166872809709
2.13151733427935
2.68925724776274
0.657364063159322
0.882269236319365
2.15634396652194
2.33292816778495
2.66790013312593
2.90253273558341
0.662036400627304
0.666061385225783
0.650947973838497
0.683057812894015
0.719571511680543
0.646931880906586
0.646708400612071
0.684896242133718
0.682243531201775
0.705493709996371
0.656723707268809
0.678674151710525
0.662603503310992
0.660087930135911
0.674378578890720
0.689210815337207
0.798411555708514
0.737007774796922
0.642603670321849
0.697222306473656
0.673235258600010
0.679689396579219
0.658314276821236
0.650084427012711
0.696606492441113
1.82434927790097
0.693901996538416
0.745372561996870
0.691915286963175
0.679372048913145
0.697818978803083
0.675594493727972
0.941116271905042
0.703680842143653
0.852321461539013
0.728011880718074
0.673110355588146
2.54993308748376
2.08746318573526
3.63377611177256
0.640975030714926
0.649385486594827
0.653228676175333
0.689597952690954
0.692920467041092
0.689493681173205
0.667487920589829
0.634965696851238
0.668221781679639
0.863742631214749
0.638662402038650
0.654651406237617
1.34750562908740
2.34781682071759
2.23001752880007
3.23375250821017
1.04399331921021
0.675067114342468
0.705899708960920
0.667627750022421
0.699968744857782
0.659922981213212
0.633662475805885
0.662091542965674
0.628975441403628
0.651836445931374
0.703789689940586
0.688835918682139
0.667403936524867
0.679550748754891
0.690780777252974
0.687308277364192
0.630202196600424
0.658864923165422
0.698571357971237
0.680699997241402
0.652769707426236
1.06635229435054
0.671280295604352
0.678496338907670
0.719886714050667
0.836148908920468
0.694111278606600
0.716672242893035
0.702915438473537
0.671888715537526
0.698098068532559
0.706047091032571
1.03610557714936
0.654105766880760
2.46420437206639
1.37065734423710
2.44938088617421
2.81858213432451
1.78892640711312
2.44785377117725
2.43531095499345
0.639455482057456
0.632258304949629
0.678402221055720
0.751551766754035
0.829790873600759
3.71273747260248
2.78798455600696
2.38646673876768
0.682746396922833
0.658979813533347
0.683363065174322
0.667561442016139
0.655726343784763
0.659938386736890
0.665872927466895
0.654208276383667
2.87381020179366
2.48638529202088
2.63018793125341
2.28129661172959
2.14810777485675
2.02910604856753
0.752187889264082
0.666806663567318
0.680666714316028
0.659861634351391
0.724488053363661
0.679531095813708
0.680295379016432
0.705973678735027
0.681739852990535
0.734487983488422
0.662495348579059
0.818198495815994
0.709215654414556
0.660548516159108
0.670521912128488
0.656794388492742
1.28936973387948
1.90355446136957
2.55267580432769
2.14472685615985
1.69605505937881
2.68931199312720
3.29054746328868
3.42010557960813
2.39777268465734
0.676201292959426
1.84427805632568
0.651638162258098
0.688304709073920
0.694886519912104
0.667366193613205
0.657892237866084
0.934896391134096
0.716248557493215
0.656451994165944
0.683288294304340
0.675066955905528
0.650624447554467
0.657538963442049
0.859843147220598
0.645098806764428
0.681118236839651
0.653321265993998
0.686469263777419
0.694856522216397
0.656874961008562
0.752132517032589
0.643810846013365
0.661012528810494
0.673100444097643
0.669186885041175
0.721641048398256
0.654915482536996
0.681830665781468
0.656549537743430
0.754506200239601
0.710472117648226
0.679661528834594
0.633746150161438
1.25190654442645
0.659016064481318
0.689053592771354
0.746319157152845
0.832435471786786
0.721645515702366
0.860310768927911
0.682065229725134
0.672663929809431
0.643420969091517
0.690676658116276
0.694425051999454
0.654851002764921
2.46301525258506
2.60807362721991
2.58344902937914
0.640113383498059
0.907311396244727
0.685858677069199
0.608781509282636
0.702932731142256
0.662504929893607
0.773142040909833
0.894371593615689
0.693873836739152
0.663813664751722
0.675789791922508
0.678806039389096
0.663224761466444
0.734246302211398
0.713181325190165
0.666525300828442
0.701476762995199
3.23133469362808
2.70669599359317
0.756182178872555
0.998133240760527
0.650388618272013
0.652310261302089
0.615273544133917
0.757227822330315
0.678445973612572
0.643039523806879
0.720782330095417
0.692217704884493
0.933568780647683
0.712691684531256
0.666072545014597
0.630157571793666
0.645719401167755
0.673910276520547
0.651354133069459
0.663906365720682
0.699809586181206
0.638350200751907
0.783705508239188
0.795583727027590
0.779982988147819
0.634129116645639
0.749686834484907
0.681385047760157
0.654329377454505
1.56674291232196
2.73176485458679
3.11735830113326
3.07568520045715
2.86987791242067
0.674489176257773
0.708954724459421
0.638619256121274
0.637099549364148
0.712795511941850
0.655403378843899
0.689125365372658
1.68310312971804
0.624403599018028
3.05339323486365
1.86286660233928
2.32984652862706
0.686315936318285
0.771650557672031
0.800839201934793
0.862271731171664
2.06314015194207
0.661551478756147
0.824837213219137
0.704830499576553
1.24195586747499
1.94132587690303
2.20924787550977
2.29850200467367
0.897351125504640
0.810237154034409
0.670822910809303
0.731909061488440
0.704522052379405
0.720128483458951
0.651919250776761
1.87316864174645
2.80856433931407
0.970129048380220
0.685160204331805
0.786534251426260
0.666124734598892
0.646428824525777
0.700079349169316
0.661353589323526
0.659316293022131
0.664223593009998
0.684513375017448
0.655123309003733
2.91636173878802
2.58626679661373
3.03905475909862
3.80308580009561
2.77338411820088
1.75506136189023
2.74066307045090
3.33460008972590
0.671596687950936
0.734754097519859
0.665763903447261
0.670802342356608
0.694181400003710
3.06317980334887
1.79474840644711
0.717968497668557
2.40588971967637
0.647997800133440
0.664583356029258
0.695603688556446
0.693670170694337
0.636308331480196
0.679036172608729
0.674496185690558
0.693136114482574
3.12087817233832
2.81794443626319
2.26917228013016
2.63726487242623
0.644946297729939
0.661068784553552
0.637174286553094
0.685882222089024
0.669330341128770
0.667661539254734
0.698881932263558
0.667829170355547
0.671853398575744
0.662831889898689
0.777456916462614
0.671206510645817
0.650916787308486
0.653753020405175
0.787272906755409
0.869623944625875
0.671567479988257
0.779332983162168
0.672020147713842
0.673278840319687
0.700339794671130
0.673983469925883
0.758864052354278
0.721809093751403
0.702615233111267
0.663937602640489
0.709198207273538
0.670092421801318
0.650999862553322
0.645134992281977
0.672902861241254
0.631752445011318
0.682704176736405
0.640369933207014
2.78342068348762
3.40375869665025
2.35449324938038
3.16165606310996
0.681786945688395
0.692530344878676
0.851356555412857
0.653905327772216
0.642873286477722
0.676761406898079
0.677271273879398
0.679337299612236
0.654759581695619
0.654644271018832
0.672512056281852
1.77249324526530
2.76344670070226
1.74022190142522
2.90115349182202
3.33354376821091
2.78415076122764
1.86938015857307
3.23213006732574
0.692281537189411
0.784486173279470
0.719913299903383
2.82691106781865
0.822038081532047
2.66974733411651
0.738398933082773
0.682443456102978
0.680514117544800
0.693565304767891
0.639975546946044
0.646920273346466
0.677124940859022
0.759429634367501
0.708190021957384
0.768380593615198
0.622339891413402
0.636558165449160
0.659514153314561
2.32395506688729
3.61000358051223
2.63462723493603
0.714504208322884
0.636506471661260
0.701141682464314
0.710837501746278
0.702423544641455
0.790438464074775
0.673241033409779
0.812395381175666
0.680882258087092
0.691054964126910
2.50729225772435
0.705235701450231
0.666036491776373
0.702853842891014
0.823260942593538
0.689803856018345
0.758258275538238
0.681012498710560
0.746436596146429
0.666796927157487
0.659921211543048
0.650892563877566
0.702710845828101
0.695857284793370
0.667376063234049
0.821787027452301
0.658451369890831
0.666968448162613
0.733202365941506
0.693255191189443
0.657637230495152
0.771352279499379
0.685360462206244
0.654980070672213
0.838148061104560
0.661104458446453
0.664729437423812
0.687589169797069
0.778361424860656
0.657813956795959
0.709096758450104
0.671122471817013
0.665824676439343
1.95047153529032
0.656013089689866
0.988932683553335
2.51690766501718
3.05019885755011
2.69859747603578
2.00528538782998
2.36675930524795
3.34154315794032
2.21429711996581
0.649900218084797
0.689369496069496
0.678620570503953
0.688272821311110
0.666670497722326
0.688752129272772
0.690197609513230
0.708267179044117
0.829566531576046
0.695498882130262
0.762215154824702
0.716583442873194
0.702928961433673
0.674261797128287
0.754079170408814
0.705110880784009
0.670849349473404
0.686042515835085
0.674623174569824
0.658511253139315
0.695159333246703
0.641282056664616
0.690216415014563
0.666167351296454
0.692265645078214
2.96315707129706
3.24607342752235
1.75570333920309
0.625718358777423
0.647444207823689
0.665135506561549
0.680559464966549
0.672913689925304
0.765312523947643
0.660105874184841
2.40443871531614
2.92800634978061
2.10212653952029
2.65574593154374
2.37533313908690
2.60038158541737
0.702717529531682
0.661865498219490
0.732979181256573
0.705348010748359
0.899241346086306
0.707555093057149
0.663956491914610
0.631060044827572
0.658925276778618
0.625259051007394
0.896689486376292
0.728117072118977
0.706065797311648
0.699417907405866
0.657458575932102
2.80804411389850
2.47416414210268
2.48308477788326
1.78493633950595
0.717510736659893
0.690453362541196
0.698963014329085
0.853340958663847
0.688278113539707
0.785389322268474
0.666591561052694
0.668805460886132
0.670540917154038
0.669583109172333
0.679037518354718
0.766766456998334
0.745425391780500
0.637145522833416
0.675477650045589
0.658957994850793
0.661988836327488
0.671562923584479
0.709159248296491
0.724497175655871
0.770728833377862
0.720507768174640
0.704238936204657
0.842131002516829
0.668245920767364
0.702612864891550
0.857399533226942
0.687090460872673
0.678281834031974
0.713832812903538
0.803046051550664
1.00826106380132
0.649610761063030
3.01330843596647
1.74233253151566
3.24791851410168
0.654686817290018
0.661772589019655
0.938358427420520
0.686379866918539
0.767616634843780
0.734025635201750
0.637298856529128
0.747719231708445
1.38807942255157
0.668390826571135
0.616903389897208
0.640214747964393
0.656965931046318
0.784163158943625
0.631250557861140
0.659973024280370
0.688588295863356
0.720654457420476
1.60372987619487
0.662082385541591
0.873187887137954
0.670437688661503
0.693443942555321
3.25746301129848
1.21031082358578
0.787243783321138
2.15036678400066
0.884333402940065
0.691784384087027
0.671814841968298
0.666616714045219
0.703398364608089
0.684322561402475
0.691042248282340
0.714557866236178
0.693209682788051
0.915327806914611
0.699354456369904
2.10383844739403
2.78646553466733
1.90961975219617
2.41969506985671
2.94089339016414
0.701375244058256
0.664580245050296
0.689817138394098
0.657666159215888
0.714830913573273
0.676342422068059
0.720574530928080
0.922766577514475
2.42149828136310
2.74677592583256
0.677026003915491
0.649789531258648
0.695406258671865
0.745223832355831
1.04503610408657
3.44542813169697
2.87280101555955
3.34414454132393
3.56881870945804
2.75329681157779
0.732221917939576
0.639180752613149
0.703218855075241
0.741387087154882
0.671875755693632
0.926089659830215
0.661321033991813
0.882369267534227
0.818003486069725
0.673490272321072
0.689509526080355
0.679532572091532
0.690240235634586
0.684660382444383
0.656708372533468
0.755298458241656
0.694315933227327
0.669884562559517
0.648744389673879
0.696636977884146
0.741972610066496
0.703619422415271
0.647605642484512
0.857902332009109
0.665200241497918
0.665449188677176
0.646368719076039
0.691637738447263
0.685566867878935
0.955971530375716
0.700317540025000
0.634265121152907
0.684380373574033
0.662681430284903
0.655876688461076
0.637804718215362
0.766015772132373
0.650328510933769
0.713220055772099
0.652249904067111
0.907722053371944
0.678487885898570
0.653385425083167
0.723789034717837
0.675648323546437
0.695162218478536
2.99077469986921
2.57653664434773
2.52735895515897
2.90766344997338
3.02083611571366
2.79107829349558
0.712733465360260
0.794290729113437
0.852014019968112
0.697363619259470
0.718260936320808
0.648719252801669
0.702952183516853
2.22510471944830
2.57595138325845
2.73254483021881
0.649307559173617
0.665877978845307
0.686756787209109
0.657834265905935
0.719058371761292
0.696574346275320
0.682645377109440
0.693610096716207
0.802172629245795
1.36390228764543
0.702437638734650
0.690387232629470
0.783922535671308
0.745596179115150
0.645638844745609
2.47894137381710
3.16249872724436
0.676789163657667
0.659589909868245
0.732091351312571
0.702873890490558
0.746321978624359
0.773088451731107
0.642855970442317
3.22389390408900
2.99437618609360
0.702318835097944
0.696356467798242
0.691738088858621
0.633266820700406
0.664456586057777
0.645425896168138
0.679130001349766
1.78908225416770
0.687423234291979
2.79583865831982
1.95989296711722
2.53914484692517
1.95107653019785
0.860768087620973
0.651304988857840
0.652767917648463
0.731934269119237
0.722767224707313
2.38886591036649
3.35811648843018
0.632921704460969
0.662480678309438
0.702975581352423
0.885470385940590
1.84213325826336
0.728924620062550
0.679076123682430
0.664189224844848
0.827375654611885
0.658761057659671
0.705070733409855
0.680013624504032
2.31166336086281
0.695202819167024
0.709396701571131
0.736356156730937
0.864160540807603
0.671181296405408
1.29866022332419
2.44755650597353
2.31050901781885
0.710782466550460
0.927614488315773
1.35060021187290
0.744736689978411
0.694685087359733
0.664314098718036
0.642396750804707
0.697613991242849
0.765117234125304
0.688736646508986
3.52102603088614
2.13286440791095
2.53252561745078
2.81757369787080
0.674898639879435
0.678944418605496
0.730196093114719
0.715932074385087
0.681419198063049
0.718786635363915
0.701395275702494
0.665409360986821
3.11940338152097
2.44772900826687
2.29079604148136
0.690538184655032
0.665746355921099
0.663232425105341
2.05834294409092
0.698573925301475
0.991858571425942
0.656234930679893
0.722923227090309
0.678197840178087
0.732241822548322
0.657778890509569
0.791480757385239
0.669122160661929
0.893380737610417
0.653004236416409
0.654233231687633
0.874467154366970
0.704163947166346
0.697959571513040
0.715304741724346
1.97275383019102
1.72891912050403
0.677459367555641
0.776941812693274
0.648355145837012
0.672245358184049
0.668137829726106
3.00408697675905
3.41123106705222
2.41217383759500
3.56596485864158
0.678402571667034
0.641788946842254
0.730823763418909
0.752007246684942
0.684038440017973
0.675005220012738
0.722586324885208
0.708908198742577
0.784781744988163
0.670926929056610
0.688072958760754
0.670722553867593
0.707635843385879
0.643562761249178
0.720157044153874
0.667730126023980
0.744161433830053
0.854291367417724
0.814400373349074
0.648383764191136
0.655097523257246
0.639208203639471
0.683864711458179
1.12558903474285
0.749753470074590
0.623897038977141
0.983797890366151
0.642800212594171
0.663272322537617
0.694550485150088
0.672227955929634
0.678371521988095
2.37575835855510
0.642910652043588
0.889210117738709
0.680026347479763
1.61381965173036
0.687380429424315
0.663345671727796
0.622472600878500
0.667490172744971
0.902301360275798
0.733878403415716
0.684069137311589
2.63352213984745
3.11830770541758
1.81978179219378
1.77803344598589
2.23325955704511
0.665688470198752
0.697340974655393
3.38547081841080
1.13873761371481
0.670264538372723
0.662784789891192
0.687282466093818
0.970030232575826
0.703704445014619
0.749466939141859
2.25017865337646
2.24328365428895
0.693373011428753
0.642922839486461
0.672961579355678
0.662574387672811
0.623994517158961
0.642881754861136
0.643050244589540
0.657107419765681
0.663581499859328
0.677746356012992
0.665724650387330
0.635181045879397
0.655043159850301
0.652325463962073
0.668248634134199
0.735239339127063
0.641617681957098
0.814147037866421
0.671531056616148
0.637363640562522
0.633999613897534
0.650031969008705
0.762783014770401
2.25480966620738
1.91498643499112
2.76034453373326
0.918974039374587
0.659412707406286
0.642952148521870
0.716695843514605
0.653664865389325
0.759946182626697
0.669593606285020
0.683741721818667
0.665217957497975
0.671862280481151
0.664901622564488
0.716907956512627
0.739971034553230
0.748868989209728
0.672167396991090
0.640253757852654
1.27353726058129
0.691958861477890
0.653269196715855
0.705159739066263
0.656871433843793
2.66262426039091
0.765496923979595
0.654623552246293
0.865297663376277
0.730116402911207
0.762642481580400
0.665071472483304
0.686602888462060
0.681762341175020
0.723353686595369
1.63979401956465
0.903414380054297
3.14524593486741
1.79387385290419
2.87076739674642
2.27445133212386
0.672809768524672
0.668690399296349
0.684576076447640
0.675812691949478
0.679689382455120
0.656060718412895
1.14686380783034
0.945450370188139
0.672583527733008
0.701559260726499
0.651230025669374
0.643679207507729
0.637871787047453
0.702554944106786
0.675519418867190
0.839015641173234
0.649881689814043
0.678422812444013
0.718563010072495
0.756854254441809
0.637949761884812
0.661590656389752
0.648048395363598
0.678103684205692
0.668494763878771
2.46542181150497
2.55702155754611
2.42690764678016
2.95678340719551
0.658619672210163
0.670871157873601
0.696986487307242
0.872223011098016
0.926972164378917
0.709394234118096
0.643358621195571
0.895168183899912
0.782305331909053
0.768926597739414
0.658106937257667
0.723309308617920
0.847217483727369
0.829473568730326
0.706132344064010
0.670807564010226
0.795124324129392
0.683167537301226
0.804575733994839
0.931181879966410
0.661641452936894
0.630368966382212
0.670500522843445
0.713788004475652
0.772753447873253
0.710061715768425
0.698556295735076
0.688380783497687
0.648500324235334
0.756939338755462
0.692801265491531
0.676053731674570
0.742975453699515
0.657277019849487
0.707350265270169
0.666152729985149
0.672732560928437
0.720850198400010
0.699246254715271
0.681280572728871
0.758465508481141
0.635544036414647
0.717100170826922
0.649027839687088
0.697562285518489
0.679953294180319
0.672621326156107
0.701926938917276
0.653816310017152
0.636439953054838
0.642872330473858
0.647809745630099
3.43629219372988
2.61931468245248
3.10865648835634
1.96304089827775
0.663740724630735
0.667200612393137
0.694363520963223
0.682338361420979
0.686390554470752
1.29275217067224
2.89899437589811
2.13721878504128
0.648535056038693
0.697519184108939
0.692147797399114
0.679548963962290
0.654178095237749
0.867967097085035
0.707660761633394
0.743915797086979
0.671822192680309
0.678792507357325
0.687262579594664
0.647698388089189
0.668544609464802
0.674802985355314
0.801615068429563
0.672719700866069
0.691243800390122
0.694067602279009
0.707623536854952
0.666198797140246
0.642219712351881
0.668834008339222
0.687206949470100
0.630753640038821
0.686508536954284
0.837088466558012
0.657750437104462
0.695890453527788
0.698370064157329
0.640197413754365
0.678991255171965
0.676307144227631
0.745423387717045
0.664251389510528
0.675544476881015
0.655836185406760
0.735718719454355
0.693020394024110
0.637819144359208
0.643720038940325
0.658772094700099
2.99888897832366
3.19036877276315
0.696762646291165
0.687687616404102
0.719730604586034
0.652025090672642
0.634920283237720
0.685094165757931
0.686488102446066
0.662102889537067
0.685582995818563
0.871045235794330
0.702896091688602
0.664643605116473
0.652342439299415
0.719876579159388
0.697540500887065
0.642603502048070
0.686599726640073
0.645626352467122
0.694649650831266
0.750148884851830
0.869828556581379
0.712083449900517
0.685701001392816
0.664513700000902
0.710335892362042
0.681504510248383
0.668463099604857
0.632760520787025
0.631731337551371
0.679362629741207
0.617902436545519
0.649967027334635
0.689005283772677
1.64245847683688
0.779626793465238
0.652280438461863
0.671263885401594
0.706580552693353
0.690371633140039
0.655999111364574
0.655031626191523
0.724452823523458
2.68171096734487
2.16675415464904
2.65143154029835
3.65851710036548
3.44285368222997
0.638578371158240
0.639920102287083
0.741969247565782
0.652496959822632
0.706281459554979
0.830569924476227
3.02827988346520
2.19908161173401
2.89409075117634
2.50493305747324
3.01957084342571
0.653601774902391
0.629225317972647
0.703267932709702
0.666460932455076
0.765014270556802
0.682588440863160
0.972798322366974
2.64071654877990
1.48020246907119
0.676217756364192
0.691953014461403
0.706400727569778
0.642574063106953
0.708321663229355
0.666531415547018
2.30582336300940
3.16457472190358
2.60190894507176
1.70304217835809
0.713279961258785
0.654574978643904
0.688003545662698
0.680446069983181
1.09826559583736
0.651684527479022
0.670399896446558
1.49194582313017
0.663085135526017
0.801363395012941
3.23419327161779
2.97823262127054
2.61688341222064
2.81492951659540
2.94829293270982
3.43217605628460
2.14358476393063
3.50898914316106
2.77933082406139
0.904955005241206
0.778547395888294
0.662298051920567
0.653388081039473
0.685295032992685
0.707286819488545
0.672742803454634
0.682113482054123
0.691754908893156
0.656173071732349
0.667412128132069
0.678838700314327
0.820492628269411
0.763979272508242
0.716710438089656
0.857913321275653
0.776009980892285
0.761238452625428
0.689200693686373
0.672195962234559
0.841697780018986
0.800132210866846
0.691908984782118
0.718045118901158
0.749160298956994
0.713739672305122
3.19315526623572
2.95343888789173
2.48002016103812
2.01619398559100
0.696102894996295
0.711404122750682
0.690693422422552
0.727325541052057
0.725492388611578
0.675006648724457
0.649107323380862
0.618055073400062
0.727459808603426
0.624359501284672
0.660688346179784
0.699163985517307
0.705290066300541
0.662487221847419
0.815907447624355
0.654577171886979
0.705323416722980
0.843552362308088
0.615143534072424
0.672407717501484
0.654426748621349
0.743363563406225
0.673432891765105
0.983602240847387
0.670093606263749
3.37117603161468
2.63978837127777
0.814284289135762
0.747556177599160
0.708586582320357
0.650726255775465
0.627553064104277
0.657279150471430
0.825692373304570
0.681011918577380
0.651271810571012
0.646778078821820
0.688001208849067
2.45443449861221
0.646454494797928
2.68583429707708
1.83243863820259
2.34265888500889
3.44179753811225
3.06143956651841
0.795850956593703
0.687410900262718
0.693709518955080
2.05755950489355
0.717470488607178
0.883372323869034
0.888590901108791
0.732469698667915
0.679375541835622
0.661553859972447
0.679308787502250
0.691738339692112
0.678254766178937
0.680722183876963
1.03183744073915
0.646781936272875
0.737182501962709
0.649739215891012
0.733034094735330
0.636947496144262
0.659766252681795
0.977470196090113
0.686541233624512
0.717294493806027
0.677583985757895
0.689497298149569
0.689018480545575
0.649196040738937
0.985914892101071
2.05953774653980
3.53986986879775
3.07327079889018
0.830219500373245
0.645373949823752
0.669518436672542
2.42074154409576
0.696763602554299
0.684267062532361
0.653563090230095
0.716352893590551
0.683188146706308
0.635345629017082
0.669387308398094
0.689247264742890
0.639828127234182
0.826220549207857
2.89567608426771
1.29502122036668
0.667094348799329
0.775984268941352
0.625341106668104
0.680836182205382
0.681223635869064
0.882180931719162
0.630202987933253
1.01486507225783
0.660489725414240
0.719918833881833
0.739448404510642
0.673125737519456
0.667585665946909
0.690937044294036
0.686741265915418
0.665192885543568
0.616578408873429
0.636766938089945
2.54741692144982
0.666870367829377
0.688319869327561
3.51629206241777
0.918913707519192
0.682484724843307
0.646307145180301
0.655899503870660
0.743006573890463
0.654133961900092
0.686177616219008
0.665976509128596
0.641994946605241
0.640051924785968
0.666940234603771
0.711516558876570
0.662960745427493
0.702386890459161
1.80404828291509
0.867369128828346
0.658120910927468
0.703278770126833
1.02199242403150
0.776656550592202
0.652719135088831
0.655509043348077
0.662565839613107
0.662359063482774
0.690083282832184
0.616651744197827
0.645409943661993
0.685446461269344
0.616172555088625
0.884819639411835
2.23587256561927
1.95226912987597
2.79192795058660
2.23575165571770
0.633266582587635
0.869328471739985
0.641966626616126
1.34804904818449
2.35607813814492
2.36072827495622
1.68948247851228
1.85632600237973
2.83183380157727
2.99974337889834
2.05483450654521
2.72992418976547
0.646335833878608
0.646669060184574
0.683089001082582
0.679195902389158
0.716121378321363
0.794894793332216
1.14516825673009
2.32913728980878
1.59529623551378
2.22015245711240
2.37004527149448
0.752375805284685
0.699835304577679
2.46077313341424
2.87716290371454
0.792275313357393
0.692079289998223
2.27074111334212
2.64772230279789
2.82294468757950
2.50243116512278
3.02766875504717
0.713757382822296
0.644173519221853
0.752894620809875
0.670782815522282
0.707754457170313
0.635487130423059
0.711673379968336
0.691113445664153
0.718343779985909
1.09375014264380
0.669601779467966
0.844521210351364
0.639923095466253
0.698525195330212
0.673923241656232
0.892206546751741
0.963579950819973
0.913682306287159
0.839325827858950
0.679911611101848
0.712216684381313
0.667515256588026
0.627254707683498
0.704886829908020
0.650975180581667
0.663704254552516
0.647175330648504
1.67287551607006
0.647353723485940
0.681098365501554
0.700505805067548
0.646614509013420
0.663077504150994
0.645209679596056
0.689004957295503
0.729667699131293
0.698931621532305
0.630468802083021
1.35601556386512
0.711838042488130
0.690218865368885
0.692462213698336
0.688459644972424
0.665910514909223
0.658488644802121
0.637244908946143
0.694494489698962
0.684210644173269
0.729669021802199
0.763300582674421
0.714007950158042
0.680993583931270
0.738070600326735
0.790358537683303
0.653654356861824
0.664152586149365
0.730708513004863
0.716700787249773
0.741208185929492
0.666361200867984
1.57631748903012
0.662182392396536
0.650421667159936
0.623062296599983
0.705118066126360
0.791694618201292
0.951980934519641
0.780669147334516
2.40639857025205
2.56879659683933
0.701106444319739
2.05603448541118
0.786826894939414
0.662129659155466
0.699399363215800
0.668785240267756
0.725808043019028
0.667789709863816
0.658344202981996
0.700487798339287
0.652503302929061
0.706032973702755
0.839244922839043
0.655567780951918
0.908466746361387
0.642226555940780
0.673023522141355
0.657226693023208
0.643416969433940
0.648117964536978
0.623580923003048
2.46275018012609
0.664581701473440
2.45664232286898
0.702403775932650
0.684926521995851
0.664667551437057
0.677951922697243
0.691055004853690
0.648264239780182
0.681319136381769
0.630701441817847
0.644981527918091
0.683742133149950
1.21413635234635
2.31095967825298
1.91274978949737
0.680211845514159
0.704470210930802
0.692353148215883
2.76862031454497
2.77542712780093
1.79520611674537
3.02365754218665
2.40067947374164
0.696495304634409
0.644381808230010
0.653661259964041
0.699489403779643
1.81797538965130
1.68038477414483
2.48362695224813
0.743983435209862
0.682276913528029
0.694713591345383
0.654134365317164
0.665364515501758
0.659125092072818
0.662523720900282
0.750175898439826
0.685568996203559
2.48982882906971
0.644434411919993
0.647146433386173
0.642050168687083
0.661656766810910
0.638925105174482
0.681702310494349
0.684461743010115
0.715817252857801
0.811334322322049
0.701253019593420
0.678141565817115
0.624460524702011
0.680367554177724
0.643462104659888
0.676452936984943
1.07035407340022
0.859642939054737
0.899315588347296
0.659899409270500
0.830892140172237
0.648530516629711
0.693901060590693
0.705411637871424
0.690161664137066
0.619619701573294
0.725603334229140
0.652442928470461
0.662825522022534
0.696854412198129
0.715837699094176
0.848194355230241
0.669875915159749
0.871233618420838
0.683173015096143
0.892903309721221
0.677077832043292
0.652586893865058
0.694992661927688
0.753451530004862
0.882777046157308
0.639757659308933
0.690836585742243
0.679048662844652
0.695605070024971
0.690991336993453
0.780523638135892
0.677471887846442
0.756522053288013
0.663235420462113
0.649317861143523
0.783628975741851
0.662870124886215
0.635421996454150
0.701541038840764
0.663103483779116
0.737325127305150
0.666965951038315
0.681467704769965
0.654619747843484
0.636276234298699
0.662551886119118
0.670354797700442
0.645525504152324
0.693775535970469
0.666192252665183
0.731894786321398
0.985694840393201
0.665512134842200
0.717512007549545
0.632811101286246
0.804614628695695
2.21057572026937
0.672325618861707
0.689368351447742
1.29934580082098
2.25208997475678
0.668810482108181
0.871360028423001
0.913413898186359
0.680029082646062
0.726568489529912
0.694737542769450
0.882439545527687
0.647930047390234
0.696359035842862
0.692412629257696
0.666771438833761
0.675384408055475
0.883491435121662
0.653386245340381
0.663191633726214
0.700187442030902
0.632647997775136
0.712794225082605
0.672212624150028
0.692173200290217
0.707581350972766
0.696321569471398
1.18192313894677
0.678775196430224
0.686985331915221
0.650398951755340
0.683981767349589
0.649999165896901
1.37646528288947
2.54134628540771
2.16246251126914
2.57925168450937
0.729996707739912
0.646110023516807
0.656264056052643
0.673394332253481
0.665507856135281
0.654340247119188
0.651847838089705
0.718757227519217
0.633137071397480
0.662220033674609
0.645050084084777
0.650402407078367
0.676416010060870
0.653041409713044
0.689282387817617
0.666192916036922
0.801565468830976
0.757316166208011
0.659387832816672
0.663191581118659
0.699045422351875
0.652579850661120
0.700783364465161
0.714862424946227
0.676427901356333
0.709327897676542
0.758626767096677
0.722835743259375
0.657769236823304
0.698903650679644
0.825848490328449
0.658265338919058
0.746764835466219
0.685438192610310
0.668657027431353
0.666032554176012
0.680263078554499
0.644908140900702
0.677139591238189
0.732006392595038
0.659380169586896
0.744898289910180
0.724038919349874
0.812060890095208
0.719168893252637
0.727740405394976
1.98285349849935
0.713991548954032
0.662090813391772
0.656750366205540
0.672793211073556
0.644607962494345
0.666807505906565
0.663827939203124
0.651042573944968
0.706033160631363
1.32716821684367
0.677950186255926
0.686142384122194
0.647046358737576
0.733684971012007
0.742537756959948
0.634249345832449
0.639547377812361
0.619191774905894
0.674874713936677
0.739860543240714
0.639061174623456
1.97145406491419
2.50432744700493
0.711607442766024
0.659269745484435
0.806185064058564
0.665442693817849
0.703189241527485
0.646858161938664
0.694176806184451
0.657752571868784
0.895268598789089
0.685302370912124
0.671968161977270
0.700110523020790
0.689614288747300
0.778726250616993
0.668690736738591
0.659624136998572
0.705944607112422
1.96295877749211
3.17086550437994
3.14207272225411
0.904218126818229
0.830919805289429
0.633733554614591
0.638270336578127
0.642623563353989
0.640028495442022
0.676365581307755
0.637268748854568
0.671832574497215
0.684022603898763
0.662014921114153
0.733447707156641
0.827503983756775
0.727323086835860
0.737720455351785
0.674126111050447
0.727796932377279
0.620619368355337
0.683585908524549
0.634434064151315
0.640004523612485
0.718769780651481
0.671713284833806
0.678722068923977
0.654279637650786
0.681160672218954
0.643812990014267
0.814307774001943
0.707642515901293
1.61612912057724
0.679069047921082
0.690720537522633
2.93941292741708
1.83433346901689
0.882664708809510
0.718093973144648
0.672603570793707
0.733697953944416
0.642513208459129
0.650216966523910
0.711437696061839
2.59775809522579
2.66357412481800
2.50467094312030
2.76699105567763
0.667001775909680
0.682436038891395
0.670430235280136
0.688525780555012
0.681433376608128
0.958142359162887
0.655700882703217
0.711341486473113
0.646424326945287
0.952425938129691
0.637701181292792
0.766043683813861
0.663272437941856
0.687845246742802
0.689131006445396
0.669527441392642
0.775574729503511
2.23639687985931
2.24383603547833
3.33557354681320
0.659628825982208
0.635860160832029
0.675657402814309
0.648817404256904
0.988301482072483
2.05933884400903
2.33941746514906
2.10097034168606
2.89851156304979
3.34607686625198
0.898141488692685
0.663869177373575
0.681479052812500
0.647120245446445
0.700282202242623
0.658116447548102
0.690856230227711
0.659461188816715
0.638773877570668
0.669246292398314
0.646352480617194
0.729516949083433
2.86700190104576
0.708713569191077
0.704309086157806
0.674502767904707
0.649827060190291
0.889364803728543
0.683056016134678
0.671227950467566
0.672154772355296
0.625546965658410
0.672734539654717
0.690340531348277
0.714435532944249
0.721030499801808
0.641568118319828
0.837627181242082
0.684531657623582
0.661014315864474
0.675430823384436
0.727044694652414
0.704583072130841
0.643105539999290
0.725799647086654
0.655505767327794
0.725461768515597
0.711562421748398
0.680793278038365
0.656211865617941
0.676031673091004
0.727934949474653
0.683453465651548
0.636694155357709
0.661846734725395
0.674969336439318
0.646660286222819
0.629963185449930
0.666090434734237
0.652173765426908
0.667033299302050
0.714154936099692
0.634119797935164
0.696596607833002
0.684269436438925
0.640173224421849
0.643642299711399
0.725762669702248
0.673609682564350
0.672350441510973
0.690585022539264
0.657003584904815
0.797490142843994
2.68944645782981
3.15144016791618
2.44521936855026
0.662099748695182
0.676335136386622
0.667434611578792
3.35603274511902
2.61900929429007
2.68708123619911
0.654281202321381
2.91390390248012
3.04915984932097
2.58990805893011
1.89775509308586
0.695545775616370
0.666701799890909
0.638123920236327
0.704635636197886
0.632816020832455
1.08199491082188
0.779584056846270
0.683188546596033
0.638079648702957
0.708317376228105
0.705793659601256
0.765842981165199
0.785207704227218
0.661739249788851
0.712114008522044
0.669855563021694
0.789276975873770
0.643333200449036
0.666544639281988
0.810969993265952
0.644761938134275
0.629626358035727
0.671357682742797
2.08462407568687
3.67668847146753
2.67871674811321
2.60999261152211
0.701166566119952
1.40376162838757
0.721247725804233
0.670816614615682
0.876928271613794
0.629829654306976
0.683868957590236
0.699373370509471
2.00247480921317
3.34917571755931
2.55722342697005
1.56650479494957
0.869023485630727
0.653416667576415
0.678816039357416
0.663771108557427
1.03044026073001
2.91813959783741
1.98903261484348
0.747572581760460
2.91870063685881
0.648347672060806
1.83160957076313
0.694787141056725
0.654228428676780
0.675189744294150
0.857883656149766
0.683426225214625
0.626382549405713
0.664578329953998
0.660701483391369
0.744282103551245
0.675797585507508
0.695134793755060
2.34719593647872
2.98385581193194
0.655406998725050
0.691878881998544
0.713951618513312
0.659711105341657
0.709726822548257
0.652957070172985
0.708026955795705
0.663924981521925
2.39029809328832
0.686495094277204
0.868230859775594
0.663484473903581
0.700842221838205
0.660135055205457
0.664842992843674
0.752131510161473
3.39856440900501
3.59510705152928
2.37958615881931
1.94624335864991
0.682886063996037
2.49556423712154
3.31679105436431
0.662305641175835
0.668552233445110
0.725042154820440
0.714481108715347
0.670983472904595
0.895071681300814
0.657764517218063
0.663485624477945
0.694618743804430
0.719147142322843
0.667534369036115
0.657300374849869
0.685802448960340
0.765452653024485
0.714361297181693
0.657048288416544
0.898663359600740
2.18949583859948
2.62572732307747
1.71802182162445
0.632153961081564
0.714296617161868
0.646041860477236
0.677520234039791
2.24190015076993
2.73410111621514
3.05865585526279
3.00548198472576
3.45500676915561
2.76325625390689
2.17225367124663
2.64838916709342
0.653787380201783
0.683567099916964
0.721409630545950
1.51752622548819
0.651346965585761
0.703010284783310
0.636718814496111
0.670419079415588
2.56046788261226
0.652944112173639
0.662319012309527
0.669408865575525
0.705408111395256
0.637159184470848
0.681429414882177
0.699128641762969
0.631396412125096
0.663721034053046
0.676006431165990
2.91963523971745
3.72580977803931
2.92112490192848
3.03420982855687
2.16754135196233
2.08323153014200
0.691233605423425
0.633759645905116
0.723090913309738
0.673692181225554
0.630889807599816
0.727088609226322
0.650643457816952
0.710797512235376
0.736866187430104
0.920712367813339
0.663011883201701
3.53911709501113
2.10945095010790
1.44401798556820
0.647133870007676
2.27616898654540
2.95610748635957
0.646104514765220
1.28478834094267
3.07757510577547
0.811882435276876
0.701415997631458
0.724517307054995
0.657292930553460
0.643465860822814
0.790852175708092
0.719524605493871
0.652889327459954
0.694134537407715
0.681516904004915
0.642212993743768
0.640602503516113
0.656082662288492
0.687430905521905
0.710823834309333
0.789747965661620
0.674115332252411
0.825899202768312
0.738934642215850
0.664001736225976
1.54657024838116
0.724038056320246
0.679603986679825
0.681862720168478
0.836529948882751
0.650074845878876
0.680081961612798
0.658708675448495
0.671276121875343
0.625641885284403
0.666279319821816
0.655604304473700
0.730133730170942
0.728839843266910
0.627194663437473
0.715527194653627
0.665357626009418
0.649808341795230
0.699070055700985
0.697439333658013
0.662701842627755
0.687318979400718
0.699217436265557
0.719183933682244
2.47797756004547
2.66030175391606
3.10192347375696
0.741915419512973
3.46785537468845
1.45370327396389
1.21794167005923
0.683917870930259
0.676315092476215
0.770497628477135
0.665764290387789
0.688588387241932
0.672706346021634
0.696740040346629
0.677509965076366
0.719717262911856
0.659957606567775
0.712556401650658
0.696301609920426
0.830006174180516
0.650621443083457
0.640968131154394
0.682290865670777
0.661652441291247
0.788748396216014
0.665349506132763
0.690030668561591
0.668987198665100
1.75923504383771
2.13895961211156
2.54724267055793
2.64781752637064
2.45712492799116
2.35417040150736
2.18718898830846
0.653330854264004
3.53247411792673
0.646413314872493
0.663355297643059
2.52392061881246
0.668757078018618
0.665420837682607
0.674125207905277
0.767729607305419
0.658772444424729
0.927901361448391
0.691560248407742
0.765691678389909
0.702336759681565
0.690871856505323
0.644773226887649
0.688023081928700
0.714792245372349
0.728287839418210
0.738274536500105
0.947785424110097
0.674631666252861
0.674123405303345
0.773009120932246
0.669967053468552
0.792206852967638
0.703884029510544
0.812511708455809
0.870327900289438
0.685214330102471
0.851783967721080
0.675138215363672
0.871699652161097
0.678275641248535
3.14861606537433
2.80557503688242
2.02737247438375
2.24581394084887
1.30579295664444
2.93514685711332
0.734643181566550
0.669514505842355
0.686899220151286
0.646018878413523
2.67783867132100
2.70447743920665
3.17677601158085
0.667896626066573
0.687825305340438
0.668264652447749
0.696234353680170
0.861298577872066
0.761724142951735
0.659992797283930
0.661262784358668
0.639789261015775
0.648263864898649
0.694699537977870
0.746150874019457
0.747438674080430
0.877308270399357
0.661282820332319
1.80594378654363
2.36493137357796
0.667381658306883
0.677575814815008
0.679507134195236
0.705928549311709
1.10101066819940
0.662267394939537
0.693358934687591
0.723225902836267
0.738345710310105
0.642483248359225
0.775493097024940
0.680406880737956
1.44458385580223
0.639535704641353
0.717704410123772
0.666465032457734
1.81621706744174
1.78232066048110
0.868515020122150
0.711568309456107
0.654593281901908
0.668434746902543
0.664882089446442
0.681045113858921
0.653210944471828
0.651984216475624
0.653072748712662
0.659054020733084
0.728844049543903
0.663908633975088
0.724866880575707
0.641617986672929
2.66383018436486
2.31408167983664
2.31408167983664
