0.5585959391087578
3.291777445936847
3.354993750977867
0.5590145051718222
0.6991220030016561
0.6162170912692634
0.5980491666036419
0.5608835295216197
0.5968685352781498
0.5123329378304079
0.5754865044037611
0.5494645388527768
0.5677748138738558
0.7921302068714586
0.5306278703653967
0.6446787931466869
0.6025525932353918
0.6212888983988509
0.6186260377519671
0.5699661175267281
0.5426785871519444
0.6488841443439274
0.5582349041354345
0.5958514929537878
0.5123612305619437
0.6036256400915557
2.3977321324781014
18.75768375444645
2.376884133228818
4.451215663559455
3.3315395306862636
0.5852935434549884
0.5593125081543662
0.5609497436910986
0.586463828739007
0.6182480584375728
0.565245653022351
0.5783665935758339
0.6216440937519044
0.5662965587764955
0.5671135735276577
0.587354010629092
0.5803715704070529
0.8290625281726206
1.7176876269553014
0.5714724393957187
0.5908513208929718
0.7019216215382772
0.5330623261593775
0.6539841584212622
0.6068161798873991
0.5978787009405606
2.771047367781153
1.9431727871712703
3.3994195635561764
3.174819094689617
12.668258705081017
4.1600565820243505
0.5353983102265499
0.569878810248489
0.6830867150005735
0.6219372090817549
0.4972593882027026
0.5340371039549894
0.37206938477663465
0.5816812124221914
0.6302883041034574
0.5574919779453182
0.5661207598988234
0.579433390898617
0.5870172657774937
0.6276992081970563
0.513937749971313
0.5989019750617653
0.655896481298299
0.6468268535193981
0.663100533443675
0.3293470586076379
0.6091410892833329
0.5378864134726264
0.5975031117894333
0.617462954899909
0.5477849363756414
0.5676639257160627
1.792800279517087
1.6579765396934036
4.674858173879365
0.17212847404817128
0.6812651213306758
0.32682758148390434
0.37050042201959815
3.003617366153719
3.7673564355615365
11.765079676411036
10.494359677926246
0.6959091161531528
0.6027767806181247
2.777109463442724
0.5390081608234399
1.2694945646049525
0.30751740988899934
0.6580667528972812
0.5543063696277534
0.49683190856056547
0.4663936765478074
0.5357454343653913
0.6091794167104466
0.6281385098745201
6.737413454302142
2.8332685871732646
1.8465008695606775
4.860577641512123
1.1989949385925576
0.7521234083703469
0.5385307033508796
0.5669348544124704
0.6478391176840657
0.5293859597095786
14.798150487052586
16.902886537266273
0.5748702320527822
0.6010479704567574
0.5647645323892228
0.6454197190546622
0.615751170872063
0.5758130798036539
0.2462794126893478
0.5282893402851729
0.5242182515615501
0.5080939520912409
0.5928151412538821
0.5585125671963393
0.5949372433929692
0.6326081088662234
0.5546705504379741
0.6572837858102233
0.5914551697123139
0.6269284610096686
0.5412347129916646
0.5936860826785997
0.598193407173423
0.5603524058418727
0.7244044215930178
0.5989370599201466
0.5496450193037785
0.5662929890847216
0.5536537834895935
0.7029363849830902
0.634633469036977
0.6082557887821097
0.6099818589228085
0.570195164918766
0.6271228608290065
0.5765667677252901
0.6308280082690929
0.5795772522863326
0.5507707146428513
0.6900748967019183
0.5931117908427144
2.518190477008208
0.633777347464668
0.6673581847269162
0.5681676061020657
0.6029563852769085
0.5800892653726774
0.5570891422072745
0.438784062464881
0.5112224705093555
0.5516570294007572
0.6207179929973315
0.5585255148888567
0.5288152598079694
0.5791401989290063
0.5159175632502058
0.6390250690959899
0.5813398134456883
0.5441178837402303
0.6397527169392733
0.5595963184577892
0.5608073523618343
0.5792443715214822
0.5342386299244398
0.5432696610189375
0.5786365879346792
0.5992043424501168
0.5514924703201433
0.666872298261091
0.6357121419816185
0.5896890766259242
0.596098670615316
0.5730390940126191
0.6050942397140127
0.5695585286609178
0.5488349894969108
0.5506340410539866
0.5075592067649348
0.5489332954271494
0.5608944281523359
0.5978459409431158
0.5869288104649792
0.5822436724320799
0.7135366519929337
0.6893531362971254
0.5955157549586136
0.5938978394773258
0.42690682435687116
0.5671241513104083
0.5618413217106091
0.6565636531382059
0.5918231131147036
0.6906348072344134
0.6159552938447187
0.5884927225053695
0.5565182682472251
1.305975892693761
4.086225303087246
0.6109137059205303
0.5409709004711888
0.5170579847009437
0.5897246902719331
0.6498553556869434
0.52226732980361
0.5489372749156852
0.522686449912027
0.5575220033045966
0.5797770317759547
0.8458979594041892
0.5270779496271389
0.612939293302984
0.6166527011144954
0.6633591368899763
0.5198433059859273
0.6463120157386014
0.6040085944291977
0.5853600481130844
0.5687050954135904
0.5869997370282576
0.7599830509666782
0.7960592104046256
0.5844100051854475
0.722218913190239
0.6705776942555459
0.7297539782828355
0.5817802780693139
0.614545021382773
0.5935656773511162
0.5588197201565365
0.6254403417438685
0.562205902383362
0.5091804710560774
0.5344453766595961
0.5531342804746323
0.564710407386218
0.6328259455047739
0.6831847278652756
0.5412255057971845
0.5341420030913351
0.5906556605454633
0.5007246019858226
0.5954075284657969
2.837976885100416
1.818840674668495
19.249239588349017
2.6175072727436026
2.002455488914022
2.660549398571303
0.6146952204052757
0.6088305308852752
0.5352004669540337
2.4344207021557316
0.7143797101736544
0.5536836124846598
0.5672115642481245
0.09129500576405797
0.6249800798448419
0.7531051991810999
0.607783293189845
0.5798510742328815
0.5855210845633391
0.5532440137246306
0.5882815905925625
0.5766496982267107
0.6211727607457409
0.6980490258673757
0.657820178523441
0.5396622465053845
0.5348917185527617
0.5723903920624406
0.6200267802308913
0.560093761292377
0.5921277171301939
0.5377888951787577
0.5661718140802425
0.5928730758021731
0.595968762517107
0.6151062703675592
0.6185543182362896
0.4350741902170989
0.588446732240977
0.5747091854390743
0.6607130527048133
0.6520985715779553
0.5989536884737373
0.5613499042204743
0.8126152691833887
0.5510784361773422
0.48219055195137756
0.5814529503696214
0.6415201442061768
0.5432253115897651
0.5328351229873874
0.5849851633284419
0.6618034413411387
0.5637350491863169
0.6295971559013469
0.7721774690857003
0.669410019032448
0.5930163661148898
0.5630973836764362
0.5659263313018321
0.5526030534366926
0.6240770265675425
0.5513260293157184
0.5616325306298041
0.5755743757545688
0.3888263704034628
0.5689630770942955
0.6730236716879063
0.518874027218497
0.574320577343947
0.6286604247156613
1.0951986275580623
0.5627297007272043
0.5421681562749859
0.5183507265606647
0.5785162547988304
0.5282186244766699
0.6053253832708924
0.6405110874170208
0.5885092523384291
0.5464746043882571
0.614012493538703
0.5313999979378822
0.6184874433908862
0.5481325456639831
0.5507213783160924
0.6642741999579538
0.5103536212964925
0.6297579312614463
0.5855611597951388
2.7824606436111377
2.4174938168756404
0.5294158727164279
0.6049004124420034
0.548101845173341
3.0245724009969392
14.304196896481246
3.9021940646057374
0.5249491800378473
0.5371719135303387
3.676540266819486
0.5620191436229837
0.5679644400265792
0.603651639081632
0.6073922480033689
0.5425476140576956
0.6194134861581646
0.7047627007317282
0.598823040740991
0.577301610114409
0.5032083243048359
0.5940234237490758
0.5756872825179593
0.6330500341011825
1.1063410171617467
0.7152561455934274
0.7954567984180401
0.5858289647157936
0.6711172522201192
0.6360068595807952
0.6330828161695509
0.7026163032148472
0.5931192407668558
0.6025209274607257
0.6261136015256271
0.6096185051605031
0.582207971649887
0.6229467002910504
0.5928881840084232
0.6006318833214446
0.5950276187381439
0.5753532226465095
0.65238242019538
0.6125811906925626
0.5908327154256489
0.6444569863412494
0.5689807628359972
0.5821164235968146
0.7267969507922308
3.92635913412836
2.885365738510828
3.768640641067864
2.8022733620915123
3.966951687390015
8.781821360135385
0.5794646808966059
0.5270138298363156
3.321964006793033
0.576624529922955
0.31186269261223043
0.6558963371470771
0.5789859258730341
0.6797785393656633
0.5252336626991154
0.5753341089850456
3.4949288133624403
1.4625370714754575
3.412678750397544
0.5953925235898456
0.9805949964538122
0.6071166068848528
0.7651395876017685
0.6158850798969006
0.701746090975868
0.615104740469896
0.5827980641609062
0.5760330088184654
0.5615164751608599
0.5084730371184307
0.6223081026024455
0.7164576719246295
0.5534546323041447
0.566303552923221
0.5280061969119744
0.6650646497249034
0.5340609382796867
0.563559456031253
3.8388644049350082
3.5767755110380115
2.1347491350271777
4.872750532397639
10.733180123733819
0.7971433811731305
0.6657839598366502
12.064228245524339
0.5930617417541242
0.5451567599863313
11.55211733513143
2.1646932215402512
0.8693619772215448
0.6082793222378488
1.0872151774137828
0.6434815124465345
0.5630284414519641
0.5919431773485125
0.5709320902727593
0.6384257397335158
0.6093725732261361
0.5650977449025372
0.5506015687229503
0.6072897563167013
0.565095122187414
1.5183414515196776
0.5685793041816084
0.6115779773012998
0.5908552890452917
1.9457913347885536
11.363666987591781
1.6762236182731285
0.7061717315993832
0.583296272975722
0.5388600014985896
0.8840041430268376
2.492618696971172
0.6377041096789389
0.6466869021648585
0.562518212513622
0.6064305856960824
0.5841803381933031
0.5734177592895473
0.5456011037436673
0.5849306185704773
0.5451203407176584
0.5963107475025081
0.5606301920816255
0.6433043691947382
0.5860903485241513
0.8286546692999683
0.5819979349902814
0.5520613875004613
0.5746212433972125
0.6341540237562635
0.5452919694692252
0.5780896990411559
0.6709372296138704
0.6785633521733754
0.568207747918607
0.5805838864366071
3.217807858816207
0.47360480727962884
0.5701438420949455
0.5709160714616539
0.5238340477137291
0.5934535572607147
0.5858018255880681
2.073897996904838
0.6940255783781193
0.6160832491593784
0.5171803941080164
0.5919612006968474
0.75826314855455
0.5444889219661162
0.6425224844527959
0.4915623939842009
0.6128923608589423
0.5628382526526997
0.5875754493977939
0.559145377729802
0.5904323878932439
0.6937866866837287
0.5501841079812664
0.5588923029269499
0.3190663950398983
0.6068397898564838
0.5684480288277656
2.6402935468445135
12.565378648479799
2.1697432377003967
7.87211589839002
0.5611352169129605
0.7435475724096124
2.937786482133567
0.6553492113201287
0.597439898870756
0.6981485006304126
0.5322129436139371
0.6280991755793158
0.6870030466480719
0.6177780282384199
0.6312790241503945
0.662770497717624
0.5102937864668404
0.6012795355485591
0.6816992371134442
0.6449162256092864
0.48301535849929556
0.6036007885187183
0.5990704128646341
0.6141615943143995
0.5896315669977434
0.5070735367335928
0.585718439754283
0.6250195784755593
0.564997940107739
1.4269743633630323
0.5820787930918158
0.5265806136486773
0.5766102562828664
1.2103976805437897
0.6214812780157872
0.7184745183483792
0.5585273471951488
1.9014869438023692
1.215740761568608
3.16302044652967
0.5089860977459831
0.5940439976459994
0.550925850878763
0.5603992960824301
0.5627970476433892
0.5682183950084524
0.5133616873450878
0.6312739853896451
0.6336739857523314
0.41474401225845614
0.5955358737594801
0.6071789023867632
0.6362498975879762
0.5759252230177511
0.8118551300117126
0.5853587258467434
0.7845498728557752
0.586063211751747
0.72324709986936
0.5488753206802526
0.5702182678616369
0.6033233352999372
1.1056211548743449
0.5307015524516414
0.5684996690911261
0.5558713710645167
0.598909057682133
0.6663269631129008
0.4982945492902414
0.5612224713254712
0.5240053005378752
0.5606563414166942
0.575783146782517
0.5607758397939713
0.5661802129079839
0.5861829456703014
0.6327100121413527
0.6960470406473795
0.7938427383128175
0.576477741838702
0.5837666360963673
0.66397421228595
0.5928282040858526
0.5802510766670987
0.5096313857246886
0.6469561782777274
0.5432022834997197
0.5407987466508521
0.5029240908593167
0.6187887058604407
0.5724001993241403
0.5703828763739786
0.5992745112441623
0.3524407622505024
0.5799961451324007
0.6905065546290884
0.7061810645506026
0.7088535694848427
0.5592751298936474
0.659357455898524
0.6230772769690381
0.5792937315800925
0.528439648929202
0.47450448569218734
0.5363062172746285
0.5828743950075973
0.5339132912017589
0.5759667691188148
0.5198981191593631
0.6854738219029451
0.6680829842101068
0.5842390014487269
0.6502953614969227
0.535852269099439
0.5847048599805402
0.5829393719547536
0.6431129210991311
0.5714988517810987
0.5478732993860965
0.5571044367916425
0.5731745799649455
0.6624915962176836
0.6563565149547609
0.6797015233539374
0.5677715187715354
0.5802757333041368
0.8389327272865796
0.603535697353555
0.6047644564585913
0.6240513293508367
0.5617221526207911
0.5457692880806516
0.6993297149244584
0.5739751510367087
0.5560766452060601
0.6496745176688745
0.5813462606690197
0.5693713430526135
0.5381167444854515
0.5951644976003576
0.5979793620183118
0.6048402352095915
0.5912413441343531
0.6625096968604535
0.5753410393203937
0.6034825570878253
0.5610276274423652
3.5935355010470746
2.37530367146876
2.1819048581115505
0.5749811838463856
7.425282107090614
0.6451449685057246
0.5582369871674782
0.5699862629521406
0.5460257467889508
0.5744640780607729
0.680811273303223
3.598116120597576
1.3571035468758772
10.332738644168597
13.574010750304708
5.9828734191551165
0.5440730270193794
0.5433196851368872
0.5406462875377681
0.2961544995892537
0.5450004735859904
0.5079059417810113
0.5737838420668276
0.5315115738253979
0.5974803998607352
0.3246470657381722
14.508463198113878
7.3473836246772075
4.285018789101838
0.7743854956421843
1.5996318678265835
10.31166291694193
0.5548668610616471
0.7825444559489848
0.5363225783895326
0.5814331497527137
0.5934280572848725
0.7164391118491107
0.5432483385574117
0.6606360746697392
0.5818750319443022
0.5564583535260402
0.5097457969035395
0.6069510846166605
0.5418543738466141
0.44805211449683996
0.574281546938552
0.6003140756663251
0.5588083447035738
0.5842431204605671
0.5402031808366035
0.5214471945106919
0.5346915312377711
0.6039997681714856
0.49703543261532745
0.5407414557772104
0.5127256877703925
0.593043860395316
0.5873239710956537
0.621099757295962
0.43389943195423347
0.8065673544398426
0.7277256501847807
0.5342273559043728
0.630379758897106
0.5783868691342777
0.7068659554634066
0.573518978438731
0.6086389425603776
0.538793737322678
0.5716195661212282
0.5867796091432799
0.5567000260399003
1.4405448244667558
2.674221575431506
0.5855808002998657
0.5805795075855142
0.5901506402565909
0.6976630594289662
0.6084332727139941
0.6072059100963958
0.5793574681549908
0.23939834872319507
0.5760650347197821
0.5097322968010122
0.5899266888092759
0.6975407115978467
0.6344864843717153
0.5925631931169418
3.90123722655368
0.6865695866956544
0.6280741175666087
0.5672655669470199
0.6255228664433929
1.9151143213718012
1.7879936916274073
0.6441441021719352
1.7807214005058332
0.6298346850321743
0.5888257045879316
0.5544424205859562
0.549741223709182
0.21790828812848867
0.5929371160992339
1.7989761299141405
3.4024498640151855
3.3120782830160707
6.9547605896057325
1.7521413512027197
1.3913672391633016
4.581823040184227
3.3080275992733164
8.044297395851776
0.5566859325810708
2.531656520039638
1.9905299974359354
0.6079958745178683
0.5147282874376515
0.5893840704503085
0.6167430630202132
0.5190385523039891
0.6049793692968731
0.5382706065457383
0.5388459376712526
0.5548256935972801
0.6508473743588464
0.614762682153413
0.634996606441992
0.528678390666757
0.6753663602868116
0.5989818211848772
0.5901964325804799
0.5256565371989799
0.5606067424243458
0.6079034904703009
0.5628168056866852
0.6467532734725863
0.6275693102885463
0.5474081037328925
0.6999495613265428
0.5719664152739563
0.526687958703439
0.6445024404193503
0.5353507477067865
0.6206154608674613
1.9536481051426942
3.1118311089041426
0.6081065997311818
0.5865274150349531
0.6552805926229001
0.5682928929802382
0.6666215872196576
0.5691467562114697
0.5313519176912925
0.5810015503686559
0.5883797187024776
0.5766149650743938
0.503240664501554
0.6273735768029204
0.6041724183820418
0.551755799119573
0.6219790251027515
0.6334043184869261
0.5509903807717069
0.6474443002208101
0.5344571496198215
0.5725184085738815
0.5344744978346639
0.5458992752568823
0.5777950395071065
0.5864116741341253
0.6638921177165954
0.5432342365116716
0.5937244084233689
0.6992669200615431
0.5365698939763698
0.5716419722925089
0.6445538440399637
0.9754186112431776
0.6281254240507342
0.6377328294520614
0.6527092017960654
0.6861158277086671
0.648857634456912
0.6018997530684068
3.7199471064291227
1.7120556848059658
2.851964809157653
2.366445573422095
0.5242996451816337
0.5229833915374227
0.4689528791469532
0.49428710238251095
0.5448776311920654
0.5828821239791013
0.5571171093780024
0.5824253201566852
0.6016804282102961
0.668481077828931
0.5612092164976684
0.5512315479014133
0.7137552431509449
0.6499673968879431
0.623688523359392
0.6459886137603148
0.5485054714378982
0.5071761536654944
0.5770654816090831
0.6120308753005926
0.6021315664931469
0.5207314489557681
0.6457435641979516
0.5816808934081161
0.5305077481211986
0.5624459629501605
0.5434115779938617
0.5454346963973372
0.6664865657361149
0.7399833689985125
0.6214006597964101
0.5669189664083263
0.5811709529731904
0.5593321350468141
0.6280290348806903
0.6119933207910613
0.6107598648332043
0.5981472007760704
0.5519471079356814
0.6453650723416219
0.7698920640604189
0.8891344136567616
0.3120891865819531
0.6100206925207717
0.6163726272173878
0.6017033968861095
0.5817345494757845
0.5329089986976734
0.5332117108245741
0.7548411358139248
0.5945166172228259
0.5830366520844491
0.6178785463071094
0.5665252828406073
0.6168821933260455
0.5691255372580083
0.7060581201042312
3.062389266249248
0.5220256198642744
0.47608076878909056
7.347112388333291
2.5607023416415546
3.8383193320055002
0.5663252456658983
0.5964037635692243
0.576866810298888
0.6229356505596616
0.5875578618872017
0.5452914032149626
0.6831142205008381
1.1007084461659562
0.604592758924032
0.846289257627817
0.5161939056167975
0.5543057461171648
0.5815970108012253
0.6331826317539508
0.5772955387996606
1.5547469900017816
0.572127349480407
0.6277031696946659
0.6191793148611154
0.5833707575321454
0.5522899190695554
0.6272962882602252
0.6085350556783343
0.5324273665011962
0.5735575472194587
0.5988258825428051
0.5953985538366358
0.6039432498498807
0.7007000885951635
0.5514250123694421
0.6718848983905344
0.6960642270496653
0.5424330390400605
1.457681058662595
0.7105731002758218
0.5993620279863079
0.6467946491133207
0.5965335051072321
2.474610460437458
0.5642665111597978
0.6233638710769402
0.587458403458422
0.810635594164401
0.56205964983119
0.6032264967930903
2.9049298143827595
3.006555075704434
1.6151106234024895
1.2601943972231842
2.912255205848854
0.5508448407060973
0.5761653061772689
0.643647454721852
0.8378083967583675
0.6119196819097454
0.5308506242882003
0.6707264315547229
0.6137890183636465
0.6462962702191352
0.5845697266941959
0.5792944734811242
0.6654414161518846
1.4067288246104261
0.6702390304880405
0.5110293926468976
0.5962796124836847
0.7015596238545186
0.597892108771846
0.557019748361515
0.6539204399555469
0.5615131389011428
0.5612682405604444
0.48939948107860826
0.6815221275233088
0.582627601758061
0.5468171746237181
0.5856877351791994
0.6692277541105288
0.6519302554063703
0.6331331574467426
0.5710772627737474
0.6294249324865744
0.5785446720951305
0.5645902441671886
0.5738932451489356
2.765555551242303
1.2080861820961328
0.739173901514504
0.6379261538008956
0.6024861560144946
0.5593930502619595
0.5483361660081122
0.5635708652649132
0.6171896455021499
0.6635602296629731
0.579248956380761
0.5823458467588816
0.5616765741055323
0.5699558383222979
0.6016049054444806
0.6428249890102322
0.5637946489204239
0.6460181639157638
0.6186298491080576
0.5729226936524814
0.574343183257632
0.5924781133876162
0.6219146393280224
0.6083297671871416
0.26737796532076863
12.785514543908551
13.34814524214842
2.728082208524833
0.6014611259170816
0.6315823009006555
0.539848015743736
0.5632074918935863
0.6261877334937361
0.5189606535880842
0.5631115777188214
3.9008342625699703
6.296000549441958
2.957258873973247
0.677640440828957
0.61916544803367
0.6536212700086812
0.52503885587996
0.5350379379028456
0.6202227354470123
0.578668719753822
0.7212583236676503
0.6330585880625591
0.5591677080132542
0.5544932382866193
0.6487295908339035
0.5305417538319586
0.6793428745616376
0.6311289353221112
0.6166268223183569
0.5525086501417679
0.5415632463078071
0.6564688084470398
2.3730923220508466
11.542112623880548
19.498803426247946
2.3427178042853227
2.821469947383977
0.6600543782526322
2.0773090610426483
1.983898806863913
6.3469260072016125
0.6031697964952695
0.5684708464691067
0.5736000899943331
0.5441481532044757
3.02684894637784
4.068294570151631
0.5487722901729429
0.6021230557550106
0.6069110265884617
0.5445868856014304
0.6163667063484523
0.5353030826065701
0.5629101678745483
0.690463320190885
0.6032300565312996
0.5188263432049514
0.5834841558591033
0.5237751578052118
0.4091833890100304
1.7021035918534104
2.868728548264216
0.6790022492400623
0.5635304182208617
15.283408484094888
2.5091026424466905
16.055815592016167
0.6117187355758087
0.5433024304864057
0.56128597343376
0.4227425273680933
0.5971254778152723
0.5842371068917658
0.6614793519684532
0.6058757264983036
0.5846936219390462
0.6577481936683748
0.5333126251400524
0.5618955103220457
0.5661028203274985
0.7088569451252356
0.5622415804377646
3.665774197057677
1.6287576278459708
0.5824048429588854
0.6221850913568975
0.679979484278786
0.5788801802490687
0.576973766617006
1.8229176671602487
0.5965015987716575
0.5941313183252773
0.6556031868980192
0.6214445277107833
0.6168482800450747
0.5410947432118324
2.3594444561742334
0.5891469074334564
0.5998390628403703
0.5771653313116712
0.5882940176795408
0.5808762054867945
0.5236128811408627
0.6833774297690676
0.5599535773521614
0.5139286072944392
0.5534823628267601
0.5662331421042942
0.6394014194652897
0.6216924414653461
0.5846131221809737
0.5680346748799194
0.572024226543861
0.6290736446255698
0.5466677061550276
0.6144202821722412
0.6432902984295555
0.5250198854713242
0.5358255053857134
0.6465345850511653
0.57040137762472
0.5742138491112592
0.7097229060486474
0.5942936495520789
0.5139322557636145
0.526076445241784
0.5800148957743586
0.59294265769194
0.6443762717198117
2.444037593139838
0.5500272134898542
0.5526807621426579
0.6884651841283748
0.6083850241666919
0.5709519471332348
0.5691771420715189
0.6427879320602774
0.6901966156100606
0.6083624103701339
0.5466667159300583
0.6301567436974137
0.5959678886181686
0.5463098646680564
0.5132001159408626
0.5546715857823254
5.095562281550525
2.8654379382965525
0.6369697100921021
0.5918413363365532
0.5546783282636655
0.5302124836403632
2.348676640184538
12.2065985893122
2.3425669723291165
0.574451872158971
0.6202084252874984
0.5650162465465701
0.6245585274958706
0.5291003994267827
0.5457001270664004
0.34677060862727205
0.5388171654267684
0.576179396232148
0.6946985784413979
0.5628841020688974
0.6222548707109865
0.5202556085855897
0.540190780802839
0.5502914732438878
0.588783356031254
0.5355934763357026
0.5954443329874034
0.5549759745034714
0.5528118867628068
0.5473549791660377
0.5830341282085584
0.39136110544545194
0.5613004490133463
0.6558389688169591
0.5591696461761377
0.6255785209782387
0.6741600744638642
0.6833014804421506
0.7701517542091966
0.5151134765682228
0.6719130670955991
0.6033972520956216
0.6403428081816693
0.8033068080852355
0.5218705813336745
0.5642536798455778
0.5757157674265554
0.5986140722831629
0.6090292893752188
0.7296846083080775
0.549831102478949
0.6885896882495874
0.6514591336971718
0.6290563882212343
0.5140603956747702
0.5499430014724368
0.5465217249312111
0.6727603011623363
0.5347053812591152
0.6092868831231142
0.6235115543343508
3.41266462455401
0.5612059445205076
1.1690553203186116
0.6429635130012322
0.24434453392393327
0.5740286435723413
0.6975486412511385
0.29803640432299433
1.123891862898859
0.5852542029019052
0.6357314296570501
2.064622120488867
10.169009492904397
3.579454720151771
0.630614502941506
0.606939499844182
0.6259022523694957
0.7273624815647093
0.6371079685884397
0.17290810950169602
2.2766259863854805
2.9879321954350506
3.144450231096039
9.29610512437781
1.3878244268630033
0.709051744300498
0.5174407175063297
0.609853933342213
0.6743599108186072
0.5987427431026126
0.594214781032724
0.12246189988300268
2.782167691851354
3.7953835338220565
0.6987358794751055
0.5862515668601408
0.5426008299282572
0.5337598608210486
2.597059265557551
0.8777716465923897
0.6736197835305068
0.6016321176928996
0.5548692458939333
0.5698287736588848
2.6786180011696707
0.6222345697861877
0.658142348464265
0.5756237887927647
0.5713351662956242
0.5893234146225002
0.5852256290580031
0.5253298509365886
0.5479249629118602
0.5340463532712134
0.589567968923301
0.541122488219744
0.5610901752622284
3.071532907116308
0.19489915763796078
0.5865033130419477
0.5286811083164762
0.5529034632746829
0.5959837409407901
0.5760362826533985
0.5996317497711612
0.5704523844073852
0.859850001806095
0.5562078751581168
0.608498608643748
0.5411360719213495
0.630423268125876
0.658068245301378
0.559190138261471
0.6184273145785798
0.718362025939477
0.6969335772815309
0.5521067744943291
1.8598501246506027
3.9106558452342743
7.224561196969462
0.6002845260105533
0.5413781840188362
0.7507608857797715
0.6329525715248293
0.6846147458135317
0.626069312791434
0.5417821911325514
0.5695818950542668
0.5657239116523981
0.7129762809259017
0.7573741995462107
0.5385079953363674
0.5720448483509939
0.526369338873682
0.6053715870735455
0.5720786899603245
0.5641803949866655
0.6510286866832864
0.6681435360479969
0.5514553162605846
0.6471721944760686
0.5866011361488199
0.5884893989425983
0.7270054684806422
0.679518133583308
6.59640203965642
3.609247786157932
2.700723605616941
3.2863957706623133
3.2484384880848163
0.5731537222580115
0.5853665478755427
0.5760630856542536
0.7424465223282732
0.5778587793506016
0.5338152230548171
0.5484713076080339
0.5417386952322203
0.6078755687845178
0.7223762121914814
0.8673827158917186
4.658085818795766
1.437846184548502
7.906660756997587
1.6024673080103635
1.4413040034883764
2.7523048020639953
1.2003972742092228
1.4888612062301882
0.543193952690338
0.6212188858993505
0.5549088368552981
0.5407470752612256
0.6375314262523233
0.5449798614203538
0.5581096549576546
0.5747401456334285
0.5613763361111846
0.7442054818832428
0.6587894885073957
0.6301780323508972
0.7473110083597512
0.6425300918740185
0.591457347125199
0.6030960776503311
0.5992171677522994
0.6927964528394446
0.6405783655975591
0.6312889617347471
0.6276356321221284
0.6590715305512064
0.6242847030689092
0.5566360814397892
0.711933618598701
0.526855962703515
0.5353612388975991
0.5824970344293585
0.5408776042134055
0.6117017905538631
0.5331510251740043
0.5324083213889288
0.7529329896418071
0.5613721052145683
0.6279085862439068
1.654894667131612
0.5458764456678036
0.665470464056394
0.681073472737924
0.5751361995297514
0.6746071760581253
0.5336759110059389
0.5472726337533683
0.544450895147717
0.5737675945639789
0.6842108580166839
0.610737234292916
0.5590427180584766
0.57187926761484
0.603107787618395
0.5735620597349619
0.5232081038057871
0.5886750538544098
0.570946470664726
0.6422534436819004
0.7164077416409268
0.2688174297730167
0.5482889968922338
1.9996285566960854
0.5276530726519969
0.6584935124093205
0.532562905989498
0.6371092737958743
0.6155957033324895
0.5784287651900013
0.595033142283671
0.6074919066898536
0.5060796503656526
0.7104633115030183
0.5336827436671382
0.7469417663213791
0.5909039529711212
0.5455573513682827
0.5789402766691865
0.6214195555223606
0.612516732400356
0.5549683079689333
0.6392021356860047
0.6775993991780408
0.5606918208490493
0.588987023781426
0.5772379360414668
6.613107874203954
2.362515174864088
0.6999145255297741
0.6208085012701285
2.45379225612524
0.5834778371567304
0.6468312907085779
0.667826567580741
0.5584962455985637
0.49415577233698377
0.566714041726183
0.677631361321687
0.5788038546166553
0.6604799379867036
0.5462968238346805
0.5938051975530748
0.5749860736216179
0.651922246833589
0.5873431798823922
0.5358203897431051
0.5328311881955452
0.579268516161808
0.5725273310046807
0.6785117280814357
0.5591212213622978
0.6367701600951079
0.5628689474470495
0.5965952976541619
6.336534077477849
3.035729659693045
4.382159296125881
12.255820117156343
2.7517168370833858
0.6136912720431706
0.12190361512386041
0.6893526762944765
0.5798761180018864
0.5573105124085994
0.5847302089145858
0.6338736347169
2.612022607336146
8.67451377678746
5.088436109442896
4.862164938697587
2.8034026726600527
0.5632602055051268
0.49889321685291216
1.2090516332899128
1.458759488338921
0.5563569059665318
0.5937905542847951
0.6230385565799946
14.336837604502113
0.5156442462632231
0.568375130563964
0.5966944795510432
0.5461103144441297
0.6016441236329569
0.4678822728699162
0.6640722229204313
0.6537676157950161
0.5445572936586835
0.5732621762971677
0.6102595154595257
0.5731328662386305
0.609171215741965
0.5871997190663556
0.5739179930533419
0.5680731239980276
0.5726411306348808
0.570127026464557
0.5985062112702142
0.5606117368143192
2.155297339859219
7.555907551488765
2.4812537347655064
2.0378830008856768
0.6513462346324573
4.178269392480771
2.220148508443579
0.5513679246998702
0.6023510302809758
0.557721350943597
0.6426342963007194
1.736885367107047
0.3059276827477283
0.5052656004171746
0.6560478731133425
0.6371970935815988
0.6308233718715734
0.5795530315668156
0.5562845634362809
0.6156361054745786
0.5442965268455722
0.5974860730851195
0.6260927618489055
0.602156671078513
0.5757145129238491
0.6228916892849753
0.595713712629983
0.7846262871644349
0.8262153548362502
0.5900642491364109
0.5738486972957
0.6510438864778101
0.6053353828827486
0.9072393042832733
0.5911500879318061
0.5421630525386012
0.5889707327435774
0.5612100706478873
0.6389486979799482
0.5643145987679997
0.5349015762232532
0.5395005210029246
0.6250216291133788
0.5302455056249472
0.5862614695790727
0.5650468418574677
0.5749652434898807
0.5405625658534845
0.5803862127210729
0.5923147651430467
0.5537590115894229
0.6474622181226936
0.6045305871595504
0.5376652061524929
0.548422856941375
0.6519351641358112
0.7255694694123742
0.5310980133074356
1.4615742409726133
0.6003358320596911
0.6633182831809806
0.6182657696897815
0.5907472103957524
0.5616694849903381
0.5508743041983971
1.2124646120184754
2.416571728106775
2.4575475256775197
14.888763595117053
2.59737949033686
0.529337336272598
0.5086785147522634
0.5543993872989621
0.5497375160142259
0.6566218743900045
0.5989136769752826
0.5453928243662818
0.6236200140319422
0.6138974237986777
0.5476889223919501
0.6110904302263893
0.5930380591796651
0.6010735631269025
0.6084793428754849
0.5129386633991696
0.5821895134275324
0.5559356653561545
0.6788470910697526
0.5635881016807787
0.6605270080346686
3.180973913248985
13.092216605864992
0.5677572205417758
0.5739701514738375
0.5307347155539002
0.700631739385035
0.5856657509906293
0.6754921971337469
0.5225077606635167
0.5761702198651466
0.5810000043729566
0.5194921907500878
0.5866513570121843
0.5928430877003603
0.5776037221807628
2.5686795589185993
2.3508904356415905
2.777451265594791
2.077986494317888
0.5533637430912239
0.6707074431791493
0.5613771216890904
0.5829420553328512
0.5623567019470722
0.5166715135932658
0.588633149674138
0.5054240898411101
1.4724428145769004
5.2438773219651775
2.8113135777737037
1.3264460786535315
0.6794795856888523
0.5619636010627952
0.6000225846564552
10.346283366071239
2.4036389585075475
8.478899444511992
2.3326602138128645
0.6103224007961883
1.9169590287871887
2.6007552313156093
2.056766773091605
3.519476860705773
17.94264803431049
2.070011164810489
0.5058592270444584
0.5434565098760649
2.9017013761512076
0.5730236276271726
0.5717700539995936
0.5524698060475368
5.449847730749619
0.6484814835123933
2.5526937923635207
13.969050125817777
3.283719959259322
10.248622715276499
0.6080517631332947
0.6555546933503956
0.3864333724183343
0.5538287434274548
0.5692072767908817
0.5990072133693993
0.6627942296574079
0.6443310436635966
0.5416284410931383
0.5801315525432389
0.5479012875936283
0.5460831024606537
0.5844784716386414
0.5307086435462377
0.5974136344070675
0.5889427857981051
0.6627818260437565
0.5788851378572998
0.6584986011354725
0.6303039967751867
0.5483889498847553
0.5565690342398371
0.6027523515188209
0.5941111912715215
0.9443867016826981
2.064021042158213
8.043952208801382
4.161611598997857
1.6786488431822881
0.48515886040834966
0.6184423371376322
0.5424608148463207
0.5244557690375065
0.48299755194295896
0.5906787025546243
0.5531896965975278
0.5921337438556729
0.6391834885497407
0.5770443060031618
0.6213352541775834
0.5658134921738412
0.6849123338985568
0.6041839004466159
0.6457743870138548
0.5708104041802179
0.6319702329999659
0.5703848136948212
0.5057214313408789
0.5537222296392376
0.6864125078137069
0.6143393220498758
0.5703970686723143
6.891640313350973
2.4558177616120016
1.6354329201444375
1.6700516285546116
0.6409315956432817
0.549365727022028
0.5477270477986337
0.6270745943650777
0.5971564409257204
0.6371986900422554
0.7099985074313301
0.559406231078594
0.6074072553531109
0.5369546048330964
0.4703819891499073
15.60688444639699
3.172496813424278
6.601619289243238
8.589456234989791
2.1481334459827854
0.5636249705525015
0.23533873293950386
0.5823141131754672
0.5184748515217394
5.854350775267756
0.5134073220941772
0.4939411127553109
0.8325066603746792
0.5341568634898328
0.5759017091015983
0.5363053104404422
0.7105160075459178
0.5663477411613358
0.6312770189999095
0.5701860225195979
0.6266656346701707
0.5127172386564675
0.5134506850081614
0.6450816642013778
0.5743701800262062
0.5145583668014582
0.5467045041510644
0.5338947354191538
0.07496979370660069
0.6176822696732184
0.5378561723161759
0.6515885150946269
0.6557420373767181
0.5082188174277992
0.627482425962754
0.5659972218207108
0.5232517987036935
0.5423508272266152
0.6586088636514769
0.9142416764463498
0.5414932215555651
0.5304180526373249
0.5376742075526586
0.6354633895067716
0.5816367827780675
0.5987175501129165
0.534938485526525
0.6191890998570029
0.5526881734323319
0.5946129910537278
0.6124919526492706
0.6188549243873845
0.6336536218815424
0.5981565991201631
0.6056766526159174
2.0797524974915675
3.6660112237643543
0.6109396137248487
0.54223347815951
0.6575327380438307
0.5747677699575254
0.5934540509738168
0.5852815798994024
0.5539918404001754
0.6663159858050436
0.639097091686351
0.591122384806366
0.5376011769881862
2.6023119172783824
0.5704973884686488
0.614349004118079
0.5418766996877584
0.5379704470372346
0.5592437079573235
0.6420349651976667
0.6009226386031751
0.5767709280657383
0.5777684566424071
0.6358481025648438
0.6085625233005335
0.6713165519185741
1.0009453122855594
0.6060681745809042
0.546383069213911
0.7274666773153983
0.6420576057277477
0.5845878914825615
0.5794215692503841
0.6647565048438718
0.3313503733362878
0.630338755129258
0.6235383560572603
0.6962161178487402
0.5917503668351831
0.5257109254319776
1.9951157886845914
0.7106731672229907
0.5879365690175006
0.6485008590979495
1.5214190589576193
1.5938229647311815
2.3553330765498424
0.5314918111768668
0.5650362414430266
0.5620045595784267
0.5287619440793093
0.5671760860971996
0.6404960467791397
0.5729348170059102
0.571222471137763
0.6226670197763594
0.6269463630315568
0.5978503825367436
1.7369472568420397
8.91693390313466
0.609507040819252
0.6719721095580258
0.6221924339665791
0.5927392849202084
0.6475556869433963
0.5267983503100362
0.5821871847381218
0.6815372480599952
0.6168303167304126
0.549908805066403
0.5227036854379282
0.5453201043676404
1.2647019565802546
6.087602639913163
0.5902539041705757
0.6339537810329061
0.5251481301912452
0.5681831062872867
0.6031437337002034
0.5194127375198077
0.5749480003705872
0.6086478339532299
0.6311166032992174
0.7270173121682364
2.988761986545836
12.253307014127188
7.297352407538851
1.4345910605986556
0.5861718440858761
0.8012259305293835
0.5043419342608035
0.5252840279800013
0.6015217999948163
0.5589817053590177
0.6751345157882789
0.6406987090351122
0.5376764006699133
0.5971744848494648
0.6954582278379297
0.47253349829386987
0.5624226177850703
0.5803586023183753
0.5658721380150981
0.59001067980355
0.6435130222103942
0.6670143804525879
0.629585019833552
0.5124056641592809
1.3367535147217522
5.573105276811293
0.5519375763016212
0.5657203610750897
0.5806247636832989
0.5427767508471416
1.5731519983101239
0.4297266032677293
0.6039513136660484
1.1137098928878826
0.6592922014091792
0.604748357840874
0.5644033958255092
0.6581400706871101
0.5410427686322516
0.5539067025039152
0.8054034078410406
0.6364284213183508
0.6515691595358216
0.6072717583710877
0.6575995034853301
0.5932901936364738
0.5769199519960042
0.6730157820006192
0.5340558519373325
0.5117674365666903
0.5971481545640431
0.6044721890763077
0.6578018211151425
0.5708013095024246
0.6907595055787368
2.245258300934768
5.794641189412356
1.8834928545884733
0.6498233950929884
0.8366459976698896
0.6076716479375469
0.5921700418598237
0.6469263575185
0.28794514753982614
0.5808672512330967
0.6924124515863561
0.5912655574700495
0.5442385719865487
0.5605274625988497
0.5906087739220012
0.5542647897319773
0.5346032032147091
1.0095601329328556
0.6088321749252013
0.6032413763984905
0.5674990268251446
0.7372505145984739
0.7149476579296966
0.5702272270337682
0.5189421824413555
0.563669361137768
0.6388215372760445
0.5936200284993021
0.2641623310369999
0.5272742295437096
0.6062110398151229
0.5889462891835626
0.6729456652872756
0.5351639285919738
0.619086032440664
0.5374430296306663
0.544355312097216
0.5539523173636314
0.7174491379805107
0.620742191563567
3.50627291743503
1.9745258549257605
8.088338083605983
16.152178293874545
3.901341159951285
2.355855528045177
0.6887080651440269
0.546180901066476
0.6468274405820006
0.5854850978574108
0.570116687772084
0.5663299575380882
0.5518595807490878
0.6295298216032646
0.6996707960588399
0.5741326791774674
0.6887725902113224
0.6586434094821286
0.5350490196506938
0.5846626820669378
0.6194199630998753
0.5519773056897603
0.7318282410338889
0.5470920214985412
0.5551370498479229
0.5455800998049748
0.6899392382097396
0.5351192056457772
0.5836442019811208
0.5452982806576341
0.2748780805003821
0.5773692187235439
0.5367749028305302
0.5238899977563904
0.5666881474888976
0.5568654388572111
0.7112704477290651
0.550915787772454
0.6521966256112773
0.5733582065611317
0.5879338161876915
1.4267255537407966
0.8383863192993686
3.007113712430696
2.0467790269629855
2.4769213607137837
14.088106894190139
0.6346630279814874
0.4494191673720948
11.418571246470155
0.5814013333446236
0.5511977119203053
0.5985630595258052
1.1256101987215894
0.6196873168755291
0.5874067974419978
0.7120129093267369
3.3449258135614532
3.4858933183312217
0.8566444103864713
0.6334560438676852
0.616715651339296
0.5386543094857256
0.6265682670430274
0.5070656737579256
0.585633089551119
0.5618402937848782
0.6559711738088786
0.5809519028643961
0.5953065824922518
0.5492645783512456
0.5227053584199215
1.7914436097073625
2.2064885552111746
0.578574678825775
0.6009001459772498
0.6927453707139988
0.5405233471819044
0.6339595602563384
0.586890293801323
0.4062841466295156
0.623332924479322
0.605352313234693
0.6886884363813041
0.5263838813233641
0.5884963955028137
0.620974693021412
0.6581257651949957
0.6301262152763906
0.5559110042201654
0.6512932095389997
3.409073116043646
10.604732160489974
1.8164494728377318
4.351194494169081
0.5914629303162623
0.6697412609910348
0.5531299985634152
0.5987465124860141
0.5754853969487108
2.0895198853927326
2.869265914314118
3.851588314057851
0.5347045422764117
0.6085485875318328
0.5954475074353713
0.6365416342113325
0.6793386053211632
0.2713385239692983
0.6073260616057159
0.530807860286407
0.7646631101999433
0.5761868963995277
0.5530678037252079
0.5525943072782467
0.31445293670678837
0.6585742011033795
0.5686901101244153
0.6029918950184419
0.6199632526724955
0.5467833033284877
0.5601464574636992
0.6561317361765897
0.694300507890927
0.6852766945439227
0.5453771654412273
0.5849234018888637
0.5745964734611879
0.5833149995729853
0.5979268980216438
0.6383040180677173
0.6997774786293298
0.5985111968239298
0.555780761089017
0.5377555532512646
0.6075010879921459
0.5402892655966678
0.8840683183498296
0.5688585971758273
0.5869582190550199
0.612928293244982
0.5543992588174484
0.6385953712926431
0.5873468783820571
0.6012971012385802
0.5692715810203424
0.4621280559382082
0.5510342208237121
0.6958094083471797
0.6072457453619292
0.5254094348300187
0.5056571324923784
0.6352422721384432
0.5515876664562366
0.5998268952817005
0.5610707243196674
0.5250368728133409
0.6224518383370092
0.5994515519661063
0.5932552423018965
0.5508239005610125
1.6433715528405979
0.6184105935576814
0.5082895242554525
0.5621259867285191
0.5246368578763155
1.9044188448598873
2.604580452430909
3.4250416860109274
3.726125186642517
6.046101270540039
1.828666164352367
0.5749111530247466
0.5803021975886852
0.5660740044573808
0.6300615473117177
0.5897609314306969
2.0432223958168314
2.108669744611569
1.910047586821949
0.5722813717802062
0.3442100205284757
0.5743550951216423
0.5820689400147555
0.6200892956815395
0.6281064929914513
0.5576044693955976
0.5766616212950672
2.384599373043582
2.496160935642978
3.0064881447118776
6.614040019805436
0.251552256655812
2.7483650971510403
0.6335012777431798
0.5920828336680366
0.6163743883070357
0.6054046927768374
0.5837043347311127
0.6021182914331586
0.5938398682345689
0.6925725474655025
0.812461496078756
0.6999866324968026
3.5232817365865383
1.231013305221795
0.5916388837174039
0.5681407357434706
0.5691534743881431
0.5639650564758889
0.7195646628563916
0.6045414992065304
0.6076291039876333
0.5372483166173654
0.6199657938204586
11.78684739455342
2.7479927640112862
2.244806857808317
0.6000187858873767
2.395003737123
0.7950540082484759
3.261770873845329
0.53021941424215
0.5993563281849411
0.5359147569034693
0.5683206928962874
0.5896318235156351
0.5007233855386886
0.7310333233941838
0.6891912382371028
0.607297983806611
0.5336663125009454
0.5957250506926274
0.6361604367523038
0.6051458479135695
0.5591594475575511
0.5581048441878429
0.602016064102332
0.7211160652988409
0.5878503508316085
0.6577025402819879
0.5503009388540374
0.5485034124791538
0.6844312541556524
0.6499233109695771
0.5595885405084894
0.5756885729453213
0.5982256555582922
0.6059808912693105
0.6672983591921119
2.447560680841555
0.5683730595677452
0.5946510569404648
0.21092512361091637
0.5445609861785861
0.6166066096083969
4.7027927738283575
2.7478467038326926
0.5593258060177878
0.6706381309608346
0.6563300769176678
0.5721720568408137
0.6573919870972283
0.5729801729222412
0.6323769751266919
0.5602931991927446
0.5594619301964204
6.838091427621943
13.786497293174445
1.7172287687006869
0.6062930709000803
0.9805648788221318
0.4212287581452585
2.436257012034739
0.6372329074977747
0.5665019204333461
0.6185781307329123
0.6208547018097391
0.6065540152941571
0.6696259832995026
0.5863638294647537
0.544440239154864
0.5135883269160513
0.6442487867516984
0.5094283028918264
0.5427533294076029
0.5967669885757975
0.6699057396810147
0.6436678120754521
0.5431416892225055
0.5836474489680692
0.5628952447041395
0.6325167437557164
0.5671317894374893
0.5710827760078107
0.6499734662094396
0.6224228664284995
0.5658850041145698
0.5605403851141093
0.5973660418390567
0.6586031095230378
0.6339483572024606
0.4621066567416333
0.5538271392842843
0.6598815524309644
0.6925867238360787
0.5835252076214026
0.7153763997081424
0.7408119511923201
0.6192212090541772
0.6499996629301857
0.5832893894111204
0.5141574529060711
0.6435403149118597
2.714832372323421
1.6136739683479542
7.872704089472624
2.312274868762319
2.771090180830481
0.6097096376880156
0.8673226176429152
0.5397604829742663
0.6296051475973132
0.5948234855242254
0.5562599503352192
2.6397555195591678
1.7715585335580302
16.917783465810746
2.355267376559375
11.670146752567602
4.483407767647543
0.536533900724402
0.5462293443243499
0.564281682434367
0.7231166192121227
0.5544273092552019
0.5738011130387273
0.492167352938322
13.245376939652628
0.939425957132645
2.9199420935942295
9.07910533338612
1.0879332415297256
0.579320648121149
0.5353319776942249
2.950558032362335
0.6024524981759986
0.5873551228556068
0.6162460300934975
0.5980375729829249
0.6336633224428535
0.5451749573887806
0.7830078475865866
0.5619750787116214
2.8339680949386095
1.886969285750701
0.7137649496450539
0.6379323297834684
0.7444019070167087
0.6377978215265365
0.6233198061432487
0.5706286621700564
0.5834891890780924
0.6118678750614429
0.6942269338984198
0.5551027672456167
0.5964644941345693
0.6088990689899877
0.5525733018833281
0.6063370397830706
0.6105200625301784
0.584089810509424
0.619471924910351
0.7921189880459943
0.3530558327636288
0.5795690846915784
0.5989083806336513
0.5778008183978328
0.7312167385562942
0.6203606795622527
0.62517310427698
4.41584386366368
14.2264109024643
16.438773832845136
0.5093713329402472
0.5837469902550767
0.5895122908372747
0.5956880358679182
2.805258470684246
12.30408116072022
1.534586356984111
9.255796943598947
0.6193563545536771
0.6006469128722125
0.5710423225772578
0.5442194726303012
0.5741084952288458
0.6843256882946932
0.5728500153992397
0.6215582095793306
0.5382568298063746
0.5951184199585211
0.5767995069948313
3.1045828697789295
3.246805437658058
0.5402638007766475
0.5362020843342493
0.6350719232207699
0.6043957482785322
0.5254244935629852
0.6169312174085497
0.5649017065708466
0.5761744905936949
0.626188536474804
2.5306404222402454
2.2914110772162632
0.5562210617176055
0.5855669264571961
2.827319916458236
3.0710125921556024
0.5576131911537778
0.6303414806705633
0.5726446243521676
0.6254352289399452
0.5493487284770292
0.3753403502831335
0.539124590094729
0.6115142149439485
0.574853505006393
0.676261247622736
0.720820065634654
0.3735290085538901
0.6157075196356834
0.6790815169288508
0.5821002890068704
0.563884834395448
0.6213911855544395
0.11552911247903701
0.5812335703055207
0.6957122469122496
0.23182312498993599
0.5557692179237431
0.6053199392050947
1.4305400504849086
0.5957215890358771
0.5365831325700113
0.6299526604344832
2.300814961851993
0.6030323115299716
0.6070183412064818
0.5522150250447424
0.5178785494860029
0.5420994001109462
0.5536120636566177
0.5041778956907598
0.5862735297779482
0.4994944427788249
0.7068581790473202
0.58563178776745
0.5695129398885508
0.4220815037820829
0.5540729954696387
0.5366942508088042
0.5409915361469444
0.5651573536407544
0.6383132193961307
0.23041278618388322
10.685286041741813
0.709553572154183
0.5648927253872768
0.606065848484554
0.7056906854822884
0.514447518701205
0.5809819592454865
0.6185059689085473
0.5540764200021077
0.6189024374527663
0.5907337784897341
0.5609435072158524
0.591605809882704
0.5596909640125058
0.6423334462122666
0.5507442822725427
0.6195236312342607
0.5508680796396466
0.5926183351069828
0.7361534107904484
0.5857821839626902
0.5468477153840675
0.6275009033319507
0.5779236655628839
0.5415994039009104
0.6468615734834461
0.5599091900475417
0.6472618390863297
0.6561296582270207
0.6424047178674145
0.5634469887439155
5.8216171782982675
0.5237848797786332
0.5301235186029678
0.575686200761323
0.5476608802571094
0.5802642128807011
0.5311951456007192
0.5665238581010446
2.775515687957157
0.55978090692305
0.5865901785342488
0.7662881274881428
3.2161224606682017
0.5619061733268507
0.6024619400055546
0.5340998165557121
0.723143753962378
0.6853686902318777
0.5864444148923754
0.589567323850634
0.6877954769336136
0.240840792470188
0.6302211547133865
0.6413271910048951
0.6909580497736088
0.589570835785982
0.5294484518458982
0.5253723795462245
0.5760454731765979
0.5700128892380043
0.6807153715511169
0.6265867206201361
6.079178792222873
2.8943318495452104
3.2309691912985636
0.3812010019630587
0.6521198134457831
0.4392498810452978
0.5879645392489066
0.8391416208780625
0.5634109399934976
0.5960093539081518
0.5981675220227115
0.5941971722443169
0.705871373272713
0.4664222237614459
0.658947700223218
0.5635280573427133
0.5951216478548328
0.6581981322038993
2.82475662802386
0.5249052153740431
0.5564868364314403
0.8172358576391684
0.6046478573559587
0.5642367371615364
0.5391847214321243
0.5570607492266862
0.6449774554737242
0.6248368486065966
0.604232384716684
0.6058800711856797
0.5806535957848192
0.6657718143712598
0.6084521812157475
0.571526622818732
0.6268201812720037
0.7042853093751762
0.539384372520747
0.7601776947297246
0.5289839889018197
0.6263304944890885
0.6483135435175257
2.1848909224369626
0.5984505247270376
0.6944213320406356
0.5123875987591722
0.5253532354928526
0.6015656134565743
0.707773431086886
0.6041307774578161
0.6524887191386664
0.5664518218649196
0.5697968552372278
0.5923309800899982
0.5790546587357317
2.538663487212982
0.5297482769910925
0.5231170759519359
0.5738085862749931
0.5619948306958182
0.6419604533223893
0.6002286912955881
0.5263568941370109
0.536360898364478
0.6083211250173316
0.6153651154040449
0.6252077460685617
0.5609269790908734
0.8135173776743733
0.6233032682600895
0.5312453509456725
0.6471327462307026
0.6155664571043252
0.5792105484879394
0.5356100101754088
0.5697925885640442
0.5345963878806058
0.6252359802774982
0.6270214956006127
0.636890299938728
0.6085956777661194
0.3349470222287313
0.6312288565918045
0.33232180189345795
0.5768552851006815
0.5200246871109223
0.7779087825687093
2.683711237716634
0.5646578941612468
2.812465689022419
8.52881263841515
6.210262954134603
0.8817523766142427
0.5372216617939961
0.5748716968913421
0.7071604735490646
0.5958661767148616
0.5646453388909684
0.563672981704832
0.5623110954826847
0.7582253553034362
0.5846411682275625
0.5908538457249143
0.6744905587054717
0.5622370953356185
0.5533278101837684
0.5618173891112598
0.6649573497354985
0.6005012693597301
0.4788486658288507
0.5515068273873085
0.5385700353001774
0.5671306280628096
0.5276148532623915
0.5788227967517313
0.5314754520147474
0.5526328388244014
0.5976191771185213
0.5992847737745821
0.6082051871008286
0.5483925626183561
0.586419645577334
0.480837267557657
0.5184793796253511
0.5955456256216709
0.5548520533727932
1.7050277442587856
2.8759447747915865
15.39465389469156
0.7275978203375001
0.5038506127619584
0.6201781486562364
0.5721932617746663
0.5582909570041538
0.836056257166549
0.5536756377983327
0.5414057813349444
0.5632050357438502
0.5711947917186344
0.579378076967177
0.6837864708376624
0.5575874758643873
0.4293296327466257
0.6032950319713443
0.6435344407848433
0.611968079986613
0.5841689423832752
0.7329918624792334
0.5130596990188178
2.0692599396774645
0.47767765297896586
0.5867402281697705
0.6257117416837487
0.6089501442697198
0.5306533703955499
0.652614709555683
0.5907130821571585
0.5584426553606903
0.5861363991698909
0.5560768544786923
0.6113461584130564
0.6811140453694589
0.6475065634428452
0.5351034241705809
0.5918553082011381
0.5954072719135863
0.6273728059195267
0.6519416589271757
0.6774589102918493
0.573223975186179
0.5446521883504458
0.5879965876894048
0.6332742152275778
0.6344275187219385
0.31985054881971475
0.587262190048848
0.5876830621998119
0.5976486854756429
1.6631044872139502
2.06724247670389
1.5464532371000688
0.6021253015198993
0.5483720029135417
0.6738021571210225
0.5678935024856705
0.5400596357200987
0.7237217615989915
0.5629239856328675
0.6203259634306599
0.6083675588826811
0.5395134915318025
0.5638631440857185
0.7385307115036397
10.83785841149572
0.6261593028799334
0.6616858710174378
0.512173356181739
0.48566423038788487
0.6887584792132945
0.7223085776390067
0.6558793651236704
0.6636301718845813
0.6486818366343214
0.5301593224665285
0.5662181816338975
0.6082385905516308
0.542399971521449
0.7222977877159861
0.544814194382539
0.733078935420828
0.5901397339250983
0.5716809701826597
0.5727551027638632
0.6810616292665896
0.8204955902967545
0.5943548236583817
0.5465468510312624
0.547992883609929
0.6130058572277216
0.5649007718369147
0.5578702099162853
0.6835108233977474
0.6087016367298936
0.6163411129388351
0.5306511788569364
0.5367369561623192
0.7346193334971457
0.6870739609007275
0.5686775917489407
0.6028619307465247
0.6014082038472963
0.5931807270264516
0.5815607438512997
0.5254407947990151
0.23902083505965466
0.5373231958976248
0.8920024189682403
0.5611929049946498
0.3551567449448376
0.9185977106761507
1.1682773992966153
3.454984151425991
6.6399613531636374
2.6913213373580542
2.983984456450613
2.6809940060062476
1.869380039709518
6.098670844745996
0.5731060120054309
0.5357555359044602
0.6752166160939799
0.5947437314641688
15.01507856477171
0.5466535562108331
0.6252811884946902
0.49531866844575473
3.4502091956419156
0.5385355361937878
0.5550354781004609
3.9555863856476337
2.2454777734442732
0.5253203658904856
0.5562142105078378
0.6173298887647043
0.5028334037339278
0.604934476815726
0.5103171828323327
0.5657955425046289
0.5315133566401491
0.5557024671450959
0.57805606980712
0.5812891437978795
0.566287059653409
0.5705166490860215
0.6443401886339263
0.32394202519590004
0.6062164863827532
0.5941193880781842
0.571985229434671
0.5915469106088372
0.6173357714582516
0.6177007988903187
2.250729686707893
2.068485486862947
3.666304540488244
0.5855046446082002
0.5251089770095875
0.6788124329811739
0.608251733137351
1.0383087532260495
0.6856597857672736
0.5835339954692605
0.6705093202268809
0.562826923198204
0.57317228705408
0.5907254967197506
0.7441468405779007
0.6028211400002127
0.5657486372841395
0.5958020527138137
0.5471033094461235
0.550602428474089
0.564030348059909
0.5883039458273334
0.22269425148045827
0.6283127561211446
2.505837876615499
7.888583443923527
0.5596479516502183
0.24247760627582526
2.342704325434671
4.27981563494256
2.993768712941684
11.84445531053276
0.5650564383669484
0.5725955162633529
0.5468484604090911
0.6043838887156903
0.6525459015102442
0.5407483746735398
0.5432831604119376
0.5866647965847455
0.5963199028988105
0.6363549369961493
0.5574617617656508
0.5718417878895549
0.5632394383418234
0.559635086754994
0.5897100109568219
0.607098019476868
0.7882512460743386
0.6954565386995561
0.5338043842288259
0.6314147925937139
0.5886367569699466
0.5972541421006796
0.5607531677402559
0.5456921013418697
0.6265557446123583
1.873766950743892
0.625359823122028
0.7097321439966279
0.620719753850153
0.5895281985894051
0.6254035900777123
0.5899461727255729
0.5158756135772224
0.6383684004789162
0.6077631142560146
0.6572578933287981
0.5770751347346775
2.848290337605602
1.2239375509932646
11.276263295284153
0.5329655439101366
0.5474974104099577
0.5516748045555478
0.6140812986473825
0.6233654096018736
0.609109497863773
0.5740107731268402
0.52358107794746
0.5764548483857699
0.5811583336073837
0.5289111762007834
0.5547194801051496
0.29205530066054436
5.07200900112255
1.11849827494025
13.465001911558742
0.24663305794840035
0.5718593505225459
0.6458309068075542
0.5766365904099109
0.6315953867375046
0.5652631627904109
0.5200771156851591
0.5676955184787839
0.5069764553383723
0.5471315875366998
0.6346334796139824
0.6111505258011547
0.5736141398105888
0.5956451205604496
0.5845322682371132
0.6095388091771029
0.5124701129511955
0.5636306944120965
0.6230235633305896
0.5956103034979888
0.5435961668510244
0.185890447717364
0.5841887386792602
0.593299341901753
0.6220262005687786
0.5071070018476387
0.6218805106831921
0.6618614043374788
0.6414481260848215
0.5725602559280067
0.6238571386386005
0.6268047484988819
0.4926106236124433
0.5530393828914916
2.705213576283421
1.4165371102304256
0.45763756977124764
2.923355690139402
0.6849363222981216
3.1108794492644423
7.489690444966645
0.5268640994213332
0.5176867967159273
0.5881032843391647
0.6975112139999842
0.5753508115217544
1.7863556384940196
6.602014726862928
4.347864778937122
0.5931936088656188
0.5637811288847044
0.6054854782040858
0.5779282528399361
0.5581710358121064
0.5616487675387332
0.5691630377887142
0.5504165566692898
3.4528683446327237
2.8444746223656447
8.670988283127222
1.5681503394079288
2.623620404677883
2.2676733518113696
0.6258358278885042
0.5741449124694498
0.5996882603048985
0.5638073009918814
0.6746737179211533
0.5949290510092887
0.5979902724517705
0.6234761394136187
0.6021922651750561
0.6477314165607266
0.5695797924655736
0.8227782899912008
0.6527427439192307
0.5651959734899912
0.5787034486331077
0.5505348191514293
0.9536757577967253
1.128299679464374
3.0380219688897907
2.7418412503979983
1.4854898147766469
7.97128041294314
3.169978365424654
19.233756263133156
2.6650069030861947
0.5916702920114477
2.105536441981515
0.5476903722297513
0.6147881010225829
0.6055616823206952
0.5768663177416787
0.5613729288070061
0.1078666237721208
0.6503820942674958
0.5503052960632656
0.5852140155866679
0.574898258174757
0.5434684746000347
0.5562783015689022
0.6565101156221432
0.5325330555024673
0.6008078840819306
0.5497198319025438
0.5971381843547815
0.606280438289435
0.5597436170045296
0.7046296557327778
0.5375950459074144
0.5654689345396394
0.5854228391937183
0.5735435105468588
0.6737789764568292
0.551212181059342
0.6036776769890657
0.5513507982700847
0.6053270411233522
0.6528040748922195
0.5950023687062181
0.5208290944909514
1.0822628031791084
0.5611960520382595
0.6149849588304118
0.7145387547989505
0.5919497171776372
0.6289046155346081
0.8821537013896145
0.5919378211818331
0.5823055261549511
0.5365210553951228
0.6195935943620754
0.6119006778252227
0.5547985111598609
6.689210505596853
6.539406436199573
2.1830165619876856
0.5262181529752095
0.2798196109436615
0.6102391265886322
0.4812331194686266
0.6337654275250785
0.5626487314695277
0.7292927681454701
0.38862789310596957
0.6146655340231731
0.5687599705833747
0.5574514093341119
0.5938798540518396
0.5598718510279574
0.6388317022118031
0.6573672880990128
0.5766660982919503
0.6293865882632966
14.653298184346356
6.50940391636841
0.735699214203409
1.0001671365067892
0.54788831046817
0.5523485797888005
0.49068790520679223
0.6022966354827345
0.59545538397718
0.5357302544622263
0.6671948553600289
0.6009740197775324
0.19733368167130869
0.6526430739785467
0.5703689602903529
0.5156895495728774
0.5384265961053539
0.5864620810881618
0.5479108379486273
0.5697017822229732
0.6314751698574366
0.5286318032535688
0.6782591959587243
0.5839632127982707
0.6269179237110372
0.5220264398331023
0.7299325765243695
0.6010904084315359
0.552934309269908
0.9210431498057519
1.768263750043692
4.216676494498284
13.517312229989818
3.913867757840019
0.5813297354924265
0.644343771821994
0.5276774604837304
0.5245021604716501
0.5921725515330247
0.5579288925966854
0.5963385952667012
1.5680854797593726
0.5057367013508973
3.247416284950605
1.6183128663326274
2.8575603549357784
0.5816248463020833
0.65686545773837
0.7058760364584182
0.3649828351770654
2.3203079204705563
0.5618324874969283
0.7249590643079351
0.632741002597166
0.48742772203545653
2.278046394637691
2.377146677163881
2.1090212099549057
0.4557873705534652
0.5250524349880554
0.5724228353799748
0.6674663411385077
0.6405775302108843
0.618282440725499
0.540271257973061
2.7552377128266956
3.3821279683605594
0.29742773583232196
0.6011452474756419
0.7012805204756469
0.5658550328759224
0.5348270355162286
0.6064487158612661
0.5642803956697043
0.5619515261514276
0.5727433451277235
0.6047156516966903
0.5539391929765968
2.792684706508021
3.0763379737692467
11.151644408915367
17.77612586195865
11.009929924612733
3.0540841613762164
7.802559739138275
12.933013307909837
0.5763533498087796
0.6898827503401098
0.5714444919385439
0.5813094402354241
0.6175043739291182
3.4635308512893643
3.1367679326143216
0.6571572737464627
2.6957247042120382
0.5408148033443232
0.5677344731081546
0.6093330716474067
0.6207608223314292
0.5249082788195706
0.5902611540058481
0.5784343744772635
0.6105181495853006
1.292871169794927
14.340779675685853
3.0294876937841733
2.1272973752913664
0.5379015310362721
0.5445834439703717
0.526079170356256
0.6078324009101393
0.5716273887771416
0.5690819329381348
0.5870946836441167
0.5712270801181439
0.5717474052713775
0.5687694466268144
0.7304147341298869
0.5844966688932653
0.5500080245318436
0.5460526469106464
0.6941968823441543
0.6926000308518887
0.5789347122050833
0.601878900606504
0.5816205194102808
0.5862747994838295
0.6303891613135072
0.5832917909117697
0.6462665653131912
0.6355997967208769
0.6288530856584565
0.5721396525359015
0.638368710631263
0.5813681710612297
0.5393861144829721
0.5376054446799431
0.5858679988725608
0.5177595997753875
0.5993180872338314
0.52836929083253
3.1301384117331303
2.9537179735041965
5.503329524573632
4.8557201861885595
0.5981890122308515
0.6152343338846497
0.6146166998626202
0.5539984856314712
0.5342418876437262
0.5940583401890775
0.5749078461247508
0.5820833691842903
0.5558985302735586
0.5563283561414207
0.5855981958362795
2.047898404749454
5.898064664764909
2.1047911189488273
3.050100064545098
15.6951916312746
8.731244920528171
1.502590690751567
10.739280811627848
0.6178814063594019
0.7617761952026328
0.6583975151984556
7.6073201105931565
0.8333950022216843
2.216693407513774
0.6840855987578602
0.604923897699392
0.5918386708686972
0.6198245751871094
0.5309987562466032
0.5416596053061523
0.5924173380966318
0.585859615304595
0.6283094189040801
0.7490651628403977
0.5019290400233829
0.5225328549650469
0.5497957493476424
2.5369652494373214
15.104643638728353
7.902040319329096
0.6089197683604085
0.5254837277538257
0.6326061753189591
0.6513236036741318
0.6298078676136948
0.8041101652930023
0.587988368296761
0.6772057358405941
0.5913983720814768
0.6183634036671949
3.290343872715107
0.6268753671362606
0.5711620458262573
0.636435492902244
0.732781133621358
0.6060679381662043
0.7005644606823086
0.571500553248679
0.6978234561100438
0.5705417400549263
0.5590717259484582
0.5499781809294662
0.6382461262572336
0.5936449253512744
0.5773635122645193
0.5309550357843823
0.5556088694744501
0.5769238744671805
0.5892298067622208
0.6055957051809261
0.5523895505217359
0.7212181097734177
0.6070417128311364
0.5516059434069577
0.6542546879248532
0.5674639618229601
0.5695236148627776
0.6113120447884687
0.6744924374438412
0.5579565321620148
0.6502540518392371
0.5831964102256555
0.5526195671203296
1.604978528240661
0.5541296597898189
0.7210592032949337
10.030106806425398
10.173458075350032
3.0364994330969126
2.3867905912417977
2.8423148565777265
11.102921965107408
1.7674265565205505
0.5449919276668209
0.5871299580147735
0.5945846714366211
0.5942449923811626
0.5755099501559326
0.6078638260226534
0.6128186352226791
0.5698584633432201
0.7260460885898566
0.6249958567718243
0.5981749500439715
0.6603311181744542
0.6289536858793632
0.5803311716978495
0.5836424781777392
0.640791569236508
0.5801109727897072
0.544083087273883
0.5806386831555351
0.550354961054381
0.6126481932403159
0.5284699344798518
0.6146121204788021
0.5698454464312271
0.6193285319279125
3.2772681170738323
3.227626673003035
2.007521997147166
0.5085307085012929
0.5438126630082223
0.5687770514391178
0.5889998855107754
0.5827712680041772
0.6165754607092203
0.5638226821469033
2.239806877686701
8.77762947238271
1.9365709806245055
3.262968094795274
1.6126300036660914
3.2815546245455596
0.6283030865406852
0.5688211868542864
0.6489132371018745
0.6213121862502408
0.2747018971094693
0.6497612436841136
0.5676633122587309
0.5170724365918244
0.5581721546953858
0.507147277104175
0.6071285522925579
0.6576366035837927
0.6411098520598315
0.6044333523646656
0.5569860423173976
3.381243079425789
7.142748354686764
1.7557711609187407
0.47408891193853503
0.661876016985595
0.583170520279612
0.5863304090811096
0.6749310124228155
0.60032048373389
0.7360766759619994
0.5751269096589248
0.5802054084362436
0.5744195587342328
0.5769826735019572
0.5960092565570956
0.6881785240417614
0.6602299915487472
0.5203097896324712
0.5757341587227762
0.5610504200340584
0.5671238555480422
0.5801269589393657
0.6493170248216538
0.6544397065259082
0.7265253341550526
0.6246345855043646
0.6301627401745468
0.6381079766867671
0.5741505737393011
0.6342720340451953
0.6659207288628283
0.6005963279365434
0.5913696673732292
0.6591105412766494
0.7067338523987854
0.4896941775599668
0.5478142388166417
2.718284761758327
1.8999427942398768
11.973863665915374
0.5566731277305437
0.568417217744426
0.5844796610680327
0.5937399467642206
0.594204056930626
0.6835357406910488
0.5265902737759689
0.5991093461509
1.2271178491831825
0.5778190699463772
0.4935367407898929
0.5306682043825943
0.5552524276265672
0.6897272310982507
0.5151337223285469
0.558617314580435
0.6113437033147403
0.6112170615934608
2.370319072715513
0.5645594523728833
0.648941798683469
0.5820301390849828
0.585572781651241
8.520786064170439
1.2616257739292007
0.7519330968936379
1.7829601505907613
0.3500517448829944
0.6161953077360139
0.5861170263278282
0.5716890730076035
0.6172864623372232
0.5955924380545816
0.6147704463190491
0.6400768405934584
0.6176072241662675
0.6879007176222686
0.6285314142627462
2.3982530729835103
8.214371055648638
0.9657239933095791
6.848454755661583
3.704376775105831
0.617834757521754
0.564514179834433
0.6106042962479454
0.5598216990271035
0.6054628869652078
0.5861105028100437
0.6649280591602942
0.15876415798940838
1.92661027124865
7.067424741592814
0.595244583779844
0.5406445937354815
0.6034682608365352
0.7130412149051722
0.5601681215568597
16.545732694001245
10.038859431921932
14.328457386028834
11.579043502940225
6.809343059105488
0.6950778169600323
0.5304316172845479
0.6343743083275443
0.7050783123618968
0.581637789831085
0.6738530273855681
0.5548160033308227
0.6034174860697353
0.5391235160905049
0.5804384215502847
0.6058592495321555
0.5913171974520001
0.6124273298392319
0.6044038607560813
0.556582179702708
0.7182038956179181
0.6162713869004578
0.5698074702169161
0.5430615770479147
0.6302961085830334
0.6950805485716096
0.629386575628385
0.538508748651831
0.821368798876481
0.5467159664878366
0.561890111007176
0.5425520321154911
0.6056782851136775
0.5973574572988553
0.49850544334711766
0.6303634630555796
0.5202211683767974
0.607446681635527
0.5681648186022707
0.5583080690499547
0.5196953010686531
0.7342615286616998
0.5489153656678998
0.6435039270988143
0.5518683874659781
0.23718132941710107
0.5976818616861772
0.5488185249289197
0.6706585827105371
0.5898172926204294
0.6251774349522633
2.645960097697625
3.946650246773093
5.668002870966141
7.990039525801955
3.280186182839887
6.740867460276651
0.6520420819649343
0.6415028469971662
0.7840989602399241
0.6220476331105035
0.6486076113419813
0.545566075118547
0.6357237446333307
2.7282241152306077
3.217146243688081
8.581313261049948
0.5448285179128339
0.575098313147309
0.6123612699700508
0.5582383258099642
0.6668528555525236
0.6211120830303957
0.6047236980039719
0.6215441614408891
0.6590632405569367
0.8833882328355736
0.62166489987679
0.6083603189774557
0.6133256275736205
0.7093322737387853
0.5410595954317199
6.208199841498272
6.612891002732915
0.5942612652932383
0.5627211898264649
0.6727368081611456
0.6281795170165329
0.6222305187594184
0.6929685498448708
0.535613305466293
3.591760462423607
9.47981308028807
0.6375469631550801
0.6239168338610728
0.6099712554997941
0.519582023552689
0.5697269298016598
0.5391820551096611
0.5956591139131779
2.0478139234574027
0.6122770337677628
4.593426350900597
2.2892489280970776
2.874049762204168
1.3215943822044958
0.6253680444528744
0.5506812785736427
0.5495244788740457
0.6569089059002661
0.605634619360163
2.7268046520409674
14.364093147875419
0.5198185289883973
0.5585181116450013
0.6406963639461061
0.416804321448189
2.042894400792758
0.678199738162546
0.5916021756946487
0.5726472344009154
0.5610222840844611
0.5604958610281168
0.6024997265326126
0.5937499522339925
6.854111580542125
0.6268919698491283
0.605918746123323
0.6752440628609864
0.625628627115904
0.5788173204499225
1.4990864110417947
1.4155188515224404
2.947496419501945
0.6504049562282943
0.9207585111800104
1.402703413455498
0.6710948364164809
0.6198963839120397
0.5702700663078927
0.5345807778499467
0.63108026353228
0.7484192520674732
0.6074151979864485
15.300466268984227
3.2204788789749377
1.5890255843572574
2.1118000742751275
0.570494162750963
0.5980972436147572
0.5979371456399567
0.6573729600555058
0.5810787276217912
0.6674787855106843
0.6377191279283291
0.5743686853174282
4.569119829637475
2.2059403892378113
1.460875487821958
0.6128467199207648
0.5721253769791491
0.5710547828544105
4.291100532139455
0.6275107146397142
0.6908784141795437
0.5558456775261852
0.6356200248726425
0.5952050733152248
0.6364166029263285
0.5579177221107842
0.7583813202332641
0.576600855338241
0.48934833806626454
0.5493641486498845
0.5536167392923281
0.5837048954676838
0.6378934390375292
0.6232107971240083
0.648227035378341
2.2447636299520424
1.9989363980790191
0.5951279508800841
0.5233798489308494
0.5447242024207963
0.5701106538281304
0.5659451740762204
10.260637420999258
14.125379052672047
5.879406973388023
15.518154390001651
0.5943601036730866
0.533097395830108
0.6627027761418897
0.6634663119389498
0.6073517944093033
0.5869035538300125
0.6601820038472151
0.6506920312962888
0.6238146638762231
0.5732070023251474
0.5989532380917714
0.5728385651326927
0.6486455600373514
0.5342461025775809
0.6499062777434197
0.5753475072002665
0.6965896621697785
0.5551186350139028
0.5542432368542598
0.5454932280203453
0.5562528254179483
0.5294644328227716
0.594847544206832
0.47941640290513865
0.7182355036728769
0.5024111258206766
0.2715807382387716
0.5365585803259034
0.5639508469140254
0.622048374177031
0.5765215830649326
0.5953562011192747
2.679306921526071
0.5369374845465527
0.6719390708741056
0.5979194871487876
1.8719148889273043
0.6135303007252972
0.5683192631324779
0.5030552285267287
0.5716817949761742
0.5034393933944806
0.6966175042125019
0.5775080858078383
2.687106685671682
10.734682623012189
2.4974006144026726
3.3450392837147174
2.682510989353815
0.5645859682382339
0.6222223373687973
3.755114665052669
0.7399373007502514
0.5786369479582233
0.5664216975153452
0.6104986248301714
0.23611394980803402
0.6270284161793868
0.5896905409958939
2.1622189742154356
1.2154442264201795
0.611909207722513
0.536285653174981
0.5880011218139132
0.5624118008443497
0.5046754348881282
0.5368350765667433
0.5318595719420061
0.5551194467570237
0.5605541269068645
0.5955768128836627
0.5748545818870838
0.5221541649930223
0.5569042565271625
0.5491704691211677
0.5768180398859396
0.6218372772488749
0.5332011044171496
0.7849107797031444
0.5836917181425179
0.5227002457543137
0.521078826215299
0.5461632454008397
0.6607667627081301
2.3955088511787093
2.1041254867552315
1.883388291711062
0.6630552659230303
0.560686589335703
0.5355908108207619
0.6576281432862066
0.5539679253768643
0.7037329699630558
0.578240598270403
0.5933864561942183
0.5723117726483526
0.58512196434673
0.5709970845187131
0.6412850177969079
0.5933966203229931
0.6466287498227807
0.5718544313402794
0.5282470346295323
1.3484042272514045
0.6175323747623328
0.552965053201889
0.6099600729021482
0.5596574862511363
2.995551434549154
0.7057154970891983
0.5534479872136383
0.3625899526125265
0.6491046977071975
0.7009411340179585
0.5688351789526523
0.611496307778937
0.5888084800420815
0.663722751312875
1.7505959255854415
0.7190132385666574
3.106125678432685
1.9844967758210805
0.28467692064821376
1.496214772909253
0.5840966204694676
0.5807898435976026
0.5916278680481817
0.5759914909573703
0.5989393115384688
0.5570478816791603
1.5753256482804878
0.718671946724064
0.5766786823888369
0.5770725729951851
0.5495947746079461
0.537939982605754
0.5265211343216497
0.5693919553369621
0.587080247993636
0.7826430802244227
0.5437324485371011
0.5962399368826646
0.6496016729705534
0.7055003324316604
0.5261206788712268
0.5675162476862143
0.5377033797309455
0.5939756016200366
0.5781940186472126
1.1709287362335608
8.863208643853696
3.149219131402728
10.584705246560429
0.5617294413763605
0.5801409277535747
0.6187861883778429
0.6399691955649687
0.6623282150764475
0.6489397310683127
0.5359320737360042
0.666766029107511
0.6775283030702958
0.7217346213812054
0.5624118184293997
0.6665503598579832
0.8267182691638922
0.7393124208477727
0.6412560996863848
0.5543005561029553
0.6011892269125785
0.5683788117195276
0.766459936222816
0.6118744582528786
0.5674630931518896
0.5147014440088862
0.5786068179755908
0.6380986824861783
0.6594664949607038
0.6531343339450408
0.6274751898438613
0.597637522015943
0.5417277522996907
0.6081445068362168
0.6064308371761142
0.5921350866442304
0.6883554147875638
0.5551049898792955
0.6460587971571924
0.5659998902821536
0.5809365122217528
0.6559257712085006
0.6227226346166914
0.5860017202826571
0.7420018363554871
0.5230628662632373
0.6272120650653271
0.545776845217844
0.6101020721177531
0.5951087036495321
0.5771926043468576
0.6394903819684501
0.5531068263011112
0.5240575148785496
0.5339226642770943
0.5447168765448059
15.658087554112308
3.2178751610523473
3.4767580950969217
3.4697214355655484
0.5525738479087459
0.5779567452520479
0.6142975849660325
0.5761625279103368
0.6069829008395974
1.3226456436246927
12.109952858306194
2.1100877262327424
0.5430775751725936
0.6127358324446889
0.6189786438990704
0.5859408173625709
0.5490829334712951
0.7901220739520669
0.609423495589729
0.6683112577579705
0.58263629828713
0.5879123653754355
0.6079174908750048
0.5436530785881568
0.570429882131058
0.5883256725191378
0.6672010533955156
0.5859082128991552
0.6111906451079435
0.6021238941783942
0.5945895359256833
0.5756269372156694
0.5316067606426693
0.5797296003659667
0.6086419605463803
0.5150210022172932
0.6113057891274555
0.8352303190770026
0.5586142804899016
0.6057093296390567
0.5882813762586834
0.5299912152664245
0.5988803878433099
0.5918222756085881
0.6119797822677834
0.5641100076754694
0.5925433540103682
0.5583089345355297
0.671538148399421
0.617634428072614
0.5273950947268129
0.537632134240815
0.5619021169465065
13.471104387194451
1.4118446854153663
0.6287720803196589
0.6040679782179634
0.6183455625964999
0.5495349502901887
0.5229830557893143
0.606675556157737
0.602682162772542
0.5689340375178908
0.5729436418840577
0.7211923229263211
0.6224619722416422
0.5709750878476687
0.5517573123282797
0.6702394943706086
0.6312876276123743
0.5267877530570921
0.606988870363217
0.5397981508813675
0.6237649343092958
0.7234553853793471
0.8874203361373438
0.6505828480687689
0.610056846000891
0.5674562587850756
0.6443824049972524
0.601464649627525
0.5782410317838331
0.5181826704155319
0.5174513590118734
0.5890762805282985
0.4952088262540135
0.5472650343516323
0.6082454366786857
1.801888183922169
0.6990597230696372
0.5496988243969212
0.5746006667124368
0.5815983290213101
0.588419125034532
0.5460136167070254
0.5536509065931835
0.6531935401530946
9.026031332113439
1.062070413681532
4.245559631117413
5.621283096290926
11.126759667825311
0.5223555609702744
0.5297899153142019
0.6385900010947249
0.5522368014602013
0.6335039943963953
0.659764652706307
1.9366907218594878
2.421052435835715
10.397466874063094
6.735324738620081
12.539722695467612
0.5450090433112981
0.5136504394107609
0.635214264408048
0.573341654467231
0.6867944793162936
0.6008653429650948
0.5667316789569343
2.753551341834954
0.8061485398705728
0.5823901545306664
0.6183983534407227
0.6478721056263682
0.5320695322192266
0.6330272015578776
0.571735464305149
1.392574047992009
14.415000055746127
2.678241393158636
1.9360898797115766
0.6490977118308598
0.5565389221907912
0.6135705956054012
0.601436431042524
0.46970071137615993
0.5463814355892912
0.5818830547097377
1.4487682930329253
0.5701181425695738
0.7338452427508414
3.253389590142847
3.657595612809393
6.292328931894354
2.9291431086806163
14.738609556845278
4.654014859522678
1.5201702200072496
4.114376293411952
2.935492127127937
0.8126638372294344
0.7373570123526296
0.5634928346370891
0.5476002796107742
0.6075114850871886
0.6481141101162441
0.5878412275565742
0.5931607918331603
0.5980000988865282
0.5548371713196064
0.5734011018016865
0.591502990693181
0.5497667698243496
0.6662804729184809
0.656400117922279
0.5835963556506591
0.7822264442578468
0.5827234001583149
0.6060426539174654
0.5835466670769947
0.5911107859179584
0.7022602611275125
0.6173080166083138
0.6609013477753475
0.6598993724021733
0.6597258012167103
4.0345241863594845
1.6401275507436193
3.0882752103046647
2.2570488647309364
0.6179059589840599
0.6432346615053146
0.6124704385577647
0.6744727370751048
0.6417436970200179
0.588185263290899
0.5343860752271247
0.49323379068248546
0.6480943027322814
0.5063378850316154
0.5622649645872753
0.5831053019913768
0.6284456252288275
0.5676874587855125
0.8556439476799572
0.5486214529059528
0.6406873803486293
0.6766026408457456
0.4908584758998515
0.5804446371984798
0.5542032166605116
0.685781411428737
0.5885424261470946
0.6548551380248788
0.5786456660690005
16.5695962953261
2.872666620401288
0.71665747011162
0.6621278691085203
0.6381754125432325
0.5440951717939774
0.509680595479865
0.5605272431320807
0.4474624435898319
0.6024393143945247
0.5495394211736793
0.5379412489570382
0.6038575283513411
2.700504077622957
0.5277000951745225
6.969808413178871
2.2344301673695464
5.342997191531676
16.80471393083351
8.619207465218098
0.6190622585485133
0.6070952253332855
0.5961786317793774
2.0641264066533362
0.6534665730054848
0.5115582141232335
0.5246413922432946
0.6930267078303368
0.5909061261010808
0.5629672416436982
0.5947574097032476
0.6194399892631719
0.5813931833162034
0.5987001214023321
1.032695097296641
0.5419946470160583
0.6277317478592308
0.5471083158635329
0.6306855698791611
0.5265344661885486
0.5653258392673872
0.6601329435851626
0.6085604241903507
0.6611607837039779
0.596196302345289
0.6047142286719382
0.6123342909904429
0.5455453191047637
0.9539572296264274
2.007020668593279
16.40891363317959
3.258357488111252
0.6043436786384776
0.5404660895800185
0.5795499256005512
3.258620326011445
0.5798933747435199
0.6026877479659372
0.5494793579674285
0.644022718884117
0.601239624931394
0.5208734634028104
0.5802135129971903
0.5925109533001479
0.5305266793796866
0.7265800252360454
10.407681134083617
1.1701664076043916
0.5762109227481498
0.6746248859214405
0.5073688174486372
0.587082781781556
0.5902260552474955
0.4605314309284693
0.5157979899376177
0.5965469657568233
0.5644010115472429
0.6671034701922223
0.670311352976014
0.5680104553124778
0.5770995485908205
0.6096659958544179
0.5992781950381049
0.570742170321889
0.491264943626419
0.5246431890522464
2.9603549078344624
0.5750723429649969
0.6069433028787696
19.401286510954602
0.2937437496326228
0.5984535410867584
0.5363792431257487
0.5567766083798263
0.7066190563378116
0.5518178842893018
0.5953998254573218
0.5750754734640576
0.5347630241777354
0.5287102053895958
0.5775453695172847
0.6132227351800302
0.5704185564392686
0.6341238831087733
1.4868743203385104
0.7568892654739636
0.5552913257410353
0.5396310456350826
0.5265837857829154
0.7224066115973109
0.5526842937887477
0.549393726528126
0.5650214854877289
0.5655432121580405
0.5979261865940676
0.49356777878831676
0.5353295051932433
0.6008439083758274
0.492972387794766
0.5119352232282022
0.5439720373351858
2.264943973630428
3.395800800847355
2.4850045764553443
0.519699706345103
0.5891484273567631
0.5316919190335089
0.9112456018950946
2.216948481492021
2.7658678937416226
1.7940299770297325
1.9915581454172886
3.0557543501845807
11.51317491765216
2.5869620910302635
2.9435971337663247
0.540684212516505
0.5314771701498003
0.6021266186233207
0.5957638016304369
0.6566947715021318
0.5442048344610332
0.6850148751504388
0.6688036021085711
1.0444327860593503
0.36938786865339246
1.6210469515167132
0.6333012466957131
0.631217923344618
2.406757322386461
10.168345286127849
0.7399246117388749
0.6207061891033266
1.6359177131549751
3.0267863229559877
10.327935441524277
1.7750239506887509
3.757714591171831
0.5988407185257861
0.5381344114833085
0.7032072848485738
0.5438260534331463
0.6024419042785325
0.5208368240828297
0.6565524636959168
0.6048268072082722
0.6566861821550878
0.474676856634823
0.5774876404053418
0.5459502991512264
0.527778922214708
0.6035173783705637
0.5788048566211872
0.4818521918537414
0.21271807293526132
1.0403065852775055
0.7271840720040376
0.5667348858397504
0.6474432982421995
0.5739614015093001
0.5103898178494424
0.6427094592012611
0.550485850344294
0.5704098612995525
0.5431698354425951
1.1462350927462752
0.5342533906043783
0.5803377358619151
0.6222208931828169
0.5416613743327838
0.5573407715143545
0.5389551235260165
0.609332504311336
0.6805454340735615
0.6325490083460564
0.5151030990819487
1.5229858711211621
0.6462815137173428
0.6101160061504566
0.6173327604162051
0.6089353560626496
0.5754089499527206
0.5560162179352437
0.5273059785246299
0.6139626082675402
0.6040130767346067
0.683107082714013
0.6829560208086322
0.6452315596682099
0.5918333010454158
0.7069949153825723
0.5755568056595733
0.5532283174546526
0.5684586474440876
0.6510508722942139
0.6596582093505222
0.5657116622439158
0.5758627938219621
1.6230939325981606
0.5671076921164625
0.5417368215957269
0.5029686790246165
0.634088965741996
0.6855737876321204
1.0106002957310474
0.616146474184406
1.9853870146453592
8.535168632885847
0.6314374777536556
2.1426348585399775
0.746271529094865
0.5615832799621363
0.6078223113091807
0.5780492891891312
0.6689756426137743
0.5768142187458994
0.557056433550839
0.6323865501403522
0.5500940439640292
0.6114227974167031
0.586065188137133
0.5386170444623741
0.48044051629865453
0.5338896849339656
0.5874089889961723
0.5552021815357457
0.5375449687475925
0.5443185394396781
0.5049295176401448
2.1321473165302613
0.5545931850535436
2.217218264199403
0.6373957703995363
0.6046363119763584
0.5737186885287037
0.562128597413447
0.6058265156525452
0.5458051172463197
0.6012671748366766
0.5166734470793405
0.5401451766163572
0.5972270928769353
1.1639369975358853
6.613714234313734
2.3085038157407114
0.5998553562028804
0.6364795914025402
0.6203217711723732
7.955260773866387
2.5896918648957645
3.2768107104931987
10.424398528376303
6.788839851841533
0.6261872200723009
0.5345573009353539
0.552242257596259
0.6323257974064824
0.9187493824285474
1.8799386318217552
2.9922119810225554
0.6882398332352031
0.5886604625699368
0.6136374107581941
0.5525350475490681
0.54836803199519
0.5603178891060362
0.5685936758939466
0.6650398404533219
0.6103108014961882
2.1521501142025015
0.5366682454762843
0.5433329790938395
0.5316273098499745
0.567579562864459
0.5271852008316157
0.6004322717335449
0.6022955972404355
0.6457747697610579
0.6988446462007448
0.6357801612084749
0.5936281592764105
0.5041710296786567
0.5969755196152564
0.5358762956879689
0.5783453474856312
0.23602272989491066
0.37427701786132883
0.7807761283188092
0.5645457812392954
0.8385919760879373
0.5461860790152196
0.6198997857718683
0.578385163300008
0.6139124210645124
0.498199889216757
0.6775946305885568
0.5399408233218187
0.5686993957776704
0.6205515808995027
0.6635787187506675
0.5228453965261395
0.5792943068632205
0.5137797295166017
0.6014552582385233
0.6772568650195783
0.5943880139564964
0.5529978587190242
0.5919084519671257
0.6351005992997243
0.6765618110164409
0.5301601721176569
0.6012444417261997
0.5881805945469325
0.6171014939849334
0.6196022483211406
0.5975958149054251
0.5871190363617274
0.6723504499627142
0.5699599086885213
0.547565319916982
0.6649191397773564
0.5610255250246059
0.5225020229491966
0.6378907547508692
0.5664267030157141
0.6622746492510255
0.5687212350004051
0.6005653805671943
0.5558735332650071
0.5224422799482147
0.5693243955145816
0.5786930014507667
0.5360417830621983
0.6109179514245682
0.5715865846044189
0.6644209205882886
0.7646613283858866
0.5656075618915549
0.6476067883385724
0.5158342552567099
0.6835764246461091
3.102257707806678
0.5712095138121261
0.5889380584528551
0.45632579000956797
1.1021373188401575
0.5748932517444671
0.6772883493014931
0.8203909822116463
0.5994356187792917
0.6720734714097077
0.6256959307693537
0.22089578812431038
0.5438865643438131
0.5953498102586936
0.6156622937476507
0.5772082731170372
0.5862665642766037
0.5253033177143995
0.5505930629475014
0.5684045134795184
0.591734724743251
0.519600476971753
0.6597632099543743
0.5757299940465512
0.6150486324174779
0.6435586617127069
0.5967147422730583
0.20601638772318814
0.5945107118016332
0.5973369327157644
0.5462745198664313
0.5980739206134603
0.5470338335443857
0.8635081075346759
3.2396078844049385
2.596915350936442
3.024931726760692
0.5964366667674332
0.5398367446119593
0.546412888900226
0.5757130386419121
0.5696685757996252
0.5539937303649943
0.551563613385443
0.6467174884429502
0.5189570404696364
0.5695559819955962
0.5399402359183939
0.5482931633621757
0.592773588139557
0.5493516742254932
0.607826324068945
0.5713490060495947
0.5876823501440044
0.6729456772572441
0.5593597475496583
0.5599992955540962
0.6327512539700068
0.5502252368870056
0.6326171733461375
0.6511475577215343
0.5902032150395783
0.6452401427573401
0.7052709281635219
0.6636994854677818
0.5505265850172228
0.6138398416255479
0.6082467413425892
0.5618951538029351
0.6906596167691417
0.5953397717567257
0.5807639739921384
0.5728072817988287
0.5875673311178243
0.5390536981279241
0.5924905681381759
0.5990739606022133
0.5645175379685751
0.6742974045474989
0.667442439907251
0.6680283767225195
0.6475766319147983
0.6382993259456973
0.7516672497770638
0.627393031360251
0.5643413282966528
0.5600724680170104
0.5875217284371683
0.5355907265296398
0.5730183529971036
0.5714867306246109
0.5487095814249381
0.6315828346104502
0.9068070184293217
0.5968451556254325
0.6088292477649363
0.5426613394943268
0.6812029559859986
0.605827004653356
0.5191753077408002
0.5306541224750733
0.49478095378310705
0.5758266145398183
0.6518915723596796
0.5296150523485523
0.847527784115577
1.9052459052967552
0.6574878600256383
0.5580875325282164
0.6251056192069322
0.571934608382364
0.593088609708876
0.5420817021542688
0.5978593502337949
0.5614743072903735
0.7666486164324932
0.5920714650404242
0.5844888741039794
0.6233200898556445
0.6147873902841119
0.6574029936663138
0.5706583870639985
0.5609751104571055
0.6364261020532197
3.4623828029058803
12.740879679692258
3.892588320481773
0.612481789913752
0.7404154353948418
0.5186622588341515
0.5290200398064597
0.5356738504563946
0.5215999983055566
0.5939001612851335
0.5260798093075106
0.5713317826838562
0.6003772875374428
0.5591177999241339
0.6954583402626423
0.7350646937444292
0.6794175597316525
0.6835113964483808
0.5886302205224333
0.6578231851077768
0.4992545165604487
0.6045799074431791
0.521797696803512
0.5219263894329673
0.5860364651871962
0.5742454473398007
0.5978408474991113
0.5552796498811328
0.5939340519917468
0.5328415343544921
0.7684436825509207
0.6504571811793972
1.86312618735947
0.5914534042237968
0.6192693550987357
3.141282028836476
0.9209853895106902
0.46110630666274427
0.6565168610681545
0.5747270198524341
0.6493620117140165
0.527569048224549
0.548048941509257
0.6497744796717645
8.710314309895201
9.047065605311658
2.7049689106747357
2.2938284321526146
0.5717291186201341
0.6019525084822241
0.5823937704535972
0.607043631065405
0.5955822305486211
0.8158744664564275
0.5515364421389858
0.6482804948221375
0.5415037050565545
0.5263406516014525
0.5275420108835676
0.7132585606740762
0.5627766195699507
0.5952089401396662
0.6068105384653671
0.5745463001124568
0.6487123123719032
3.819300160206091
1.6286698613497657
13.442747940881995
0.5607483560581948
0.5245174132891909
0.5898311698197743
0.5449716790869081
0.6776337626386181
1.9709270282795206
2.0701586763557382
1.2456813782419314
3.2728667654071244
15.488120049989314
0.3017458529145614
0.5709996917097837
0.6030213166352383
0.5418981303215538
0.634254345734192
0.5601246003343721
0.5939025439406491
0.5622515157428297
0.5300362496352445
0.5712715314618355
0.540996580982865
0.6467106268672503
0.5789453098714361
0.6444610812553989
0.6423400535999084
0.5907716915989457
0.538071021447245
0.5999588605679254
0.5510830092592983
0.5835680290254788
0.5867526030814492
0.5062103479705928
0.5606821938825659
0.6080696049006067
0.6115016421327094
0.6619444065757563
0.5312410485548361
0.5242660046109682
0.6061609068736388
0.5628286957383636
0.5900978378767724
0.6779059795393846
0.6090579582646634
0.5360950300980173
0.6788494570839251
0.5553608921325044
0.6721570874396604
0.6455023245697576
0.59285607086995
0.5572829912379879
0.5910422281852129
0.6594683736252476
0.5912449215338715
0.5248147912633451
0.5654924140815977
0.5914622173067215
0.5392015775373972
0.5151203427423146
0.5747752193886333
0.545097719957118
0.5751621516404242
0.6422428220458491
0.5221199595772273
0.6242486648175293
0.6021383463116793
0.528654104669023
0.5337667928407327
0.6509682582105084
0.5844841064972403
0.5849626074318448
0.6093235084788181
0.5587880290118734
0.6300046311132549
4.537868857136398
9.668672699680172
2.8647210940486842
0.5689080753255964
0.5920053956320392
0.5731476944970927
2.7410266682788507
8.89560604665178
1.479755853681629
0.5538469346439922
9.394029439644644
11.377613310481761
6.413789846997105
0.9496663321028563
0.6159063338696275
0.576917924767126
0.5215646802438652
0.6180430273104457
0.515407572398262
0.4465749363960969
0.5723491551965102
0.595282927009028
0.5253643226866629
0.6302273403186561
0.6450794815629247
0.724664155427472
0.768681212429598
0.5669115300161057
0.5953809203558547
0.5793854635931278
0.7433740966045211
0.5325984947007865
0.5731830130454558
0.6365499911284807
0.5379894524819295
0.5148515979338874
0.5744460479235257
2.151704503729742
3.645306343520051
7.5100325800697165
4.487635999787319
0.6385162533424672
1.3161144493051766
0.6657905154532452
0.5832411807083091
0.5127598791024982
0.5142587688808411
0.5847930084500392
0.6351308928086743
2.666948248164701
14.723950013218138
2.593623921023687
1.7846071373197532
0.5915288882748861
0.5533396822225902
0.5827230592789024
0.5715264712072022
0.1993162989884889
1.8869522723284544
1.1226712302637185
0.7040940233863423
2.8657103652595546
0.5260652906857816
2.3217934055283576
0.609953506098149
0.5530562412637976
0.5670283309211649
0.5862885255209074
0.6050077270341806
0.5040503539024718
0.5705689384547653
0.5651759477070061
0.6165118998151292
0.5854407230650431
0.6208117070418895
6.193226280970839
8.885535920220716
0.5571778779958501
0.6187762177716438
0.6254779567940663
0.5649767455241276
0.6320692876826977
0.5517482150418007
0.6451334423303284
0.5700157487115168
2.700781738865974
0.5834662466543367
0.6799202923007659
0.5710668748969776
0.6337911117042156
0.561657640716648
0.5728884922570529
0.6879287307798703
14.146843808447988
4.1241207666324975
1.0591267701483387
1.4204366989423
0.595806071094178
6.338434948143011
1.968868467476846
0.5669643265183977
0.5798417700525368
0.6815336513110604
0.6534481881979771
0.5815512856769355
0.6348756821208876
0.5576569953953189
0.5661709948901478
0.6169370279781456
0.6684174501678739
0.576059448173383
0.5522003763797148
0.5922826148103537
0.694220709818294
0.6611421597277888
0.5590459767511495
0.5701183752363427
1.271501455495852
2.003428472430783
2.0162561634414904
0.5175377315338212
0.6469611054994535
0.5337151236591907
0.59213049241808
1.872396991106965
2.4437021193877966
3.724996126825
6.6410515515222635
8.508181450290799
9.235246883847426
1.931747288488398
2.26326339440299
0.5514737965928166
0.6024188390144355
0.6350352147547413
1.0975299860959373
0.5483410022651857
0.6291364111606662
0.5216610521987186
0.5780907012506226
2.062849321383191
0.5533053525813326
0.5614655627531048
0.5806522447867024
0.633767167630047
0.5197232868966182
0.5808123601055932
0.6190853726315864
0.5168899594751736
0.570636506415489
0.5877124526783855
8.977105086073971
14.148440646828298
7.208141637638619
3.552819678543146
1.8176053460656663
2.336833404364817
0.6151290943426564
0.5180575777432863
0.6536895106689325
0.5875657847339157
0.5164350854312004
0.6814501929219492
0.5383263080393971
0.646189380289343
0.6997967947996299
0.7158027836924848
0.569931052900178
21.24188024518041
2.11216337779561
1.5678131292620334
0.5366815962386898
0.8146676313699394
2.174333144067369
0.5381341518283549
1.159241949988443
3.4022971468578977
0.540397747227092
0.6319492102967095
0.6687886658252771
0.5588441358243403
0.5378054132611395
0.762797675673726
0.6201260615443676
0.5519093331602667
0.6126254346898177
0.5896957119985456
0.5341114831829926
0.5315784751133499
0.5570640140108208
0.6104527677910887
0.6318421706403231
0.5869743515473392
0.5894198789067313
0.5511313995365762
0.6901982655858964
0.5696811621666825
0.5749068020870213
0.6486700883578095
0.5758082872690397
0.6000650613367067
0.6970668618094741
0.542552464433355
0.5841863520330207
0.5561716180627997
0.5796916333724336
0.5061328806870569
0.5699858529972645
0.5555747483577743
0.6893091898923681
0.6402916472918716
0.5097532803393122
0.6443044482013838
0.5651713570388802
0.5447515477947308
0.6298418753333422
0.6299866156232361
0.5639152682033205
0.6091192751090801
0.6120044699648015
0.6532715058594633
4.978233332555182
5.200934447519603
9.476416343852515
0.6864804919653754
16.95601329536437
1.5749229724449159
0.9648897287816443
0.5949003843231441
0.5935463181587609
0.686213452499669
0.5724408089476074
0.6092330564733971
0.5772265872950166
0.6043681642258005
0.5863588769712337
0.6578598087276685
0.5653453083969953
0.6332263744718655
0.6268134279049028
0.675453621398248
0.5490893577148722
0.5300899799637645
0.6032264060020799
0.5552327259547287
0.6814622941899563
0.5732181482749307
0.6150102658900941
0.5682529455298345
2.5153785540513978
2.551634647520105
2.9067577872113133
1.649536744391988
2.3363645994851354
0.9936281214764092
5.338024752379122
0.553219128381075
14.60150976434935
0.5411267270770276
0.5635032549515222
2.0510226685511355
0.5800588118921637
0.5494354506585849
0.5839817157083838
0.7626507990441521
0.5635448398597191
0.5480962654652555
0.6208364177037409
0.7316237059917662
0.6341603280056939
0.6049456092631955
0.5368898590284746
0.6120844865878659
0.6342378081312876
0.6887183235724446
0.639193971376367
1.0037126030678738
0.5774322370595046
0.5867911943135791
0.6072389580978449
0.5808625167224959
0.6367434117261139
0.6294735033307557
0.5222194679169408
0.6499722038444165
0.6092943647834298
0.6900666258437731
0.5885453174183759
0.4299766292372309
0.5885409043188109
3.571273838122978
2.3318329033927183
2.251341965102864
2.158670863567605
1.0584141118894728
9.446215396642147
0.6965197693356039
0.5680329216514765
0.6095162824214273
0.540902004504234
7.2931597642305475
9.650746365432182
14.359110558412025
0.5741524493431573
0.6033988010904592
0.5797932122532602
0.6281649358512525
0.6682216415672406
0.6890695028733135
0.5654150988193872
0.5666463524599072
0.5316916465959503
0.5435261274903442
0.6166717155120661
0.7039405268319655
0.6965084813022697
0.4135109544452097
0.5608738241385565
2.073819765850917
1.664564535455136
0.568078341512065
0.5953627382410943
0.5945077725365682
0.6188315574655879
0.643347957366813
0.5662390600203305
0.6203032454475037
0.6769453085693307
0.6995602318766767
0.5356721383990548
0.763112887715152
0.5972487684128256
1.6074884888317262
0.5247233445204204
0.6436087622580378
0.5670441697699532
2.1347803797409797
1.7403156506987938
0.497928088390466
0.6265115174287768
0.5521155654431549
0.5740912989999741
0.5741151515652547
0.6018931766159953
0.5512432283457589
0.5433594558917206
0.5536963301965081
0.5609520593179018
0.6755078366586508
0.5651576128047027
0.6693571424169437
0.5303222624196204
3.1956625864581025
2.60471082231201
2.60471082231201
