3.4085089019436516
11.731753924333853
14.787962271548356
3.4149933119211973
4.16642360041448
3.653866202232428
3.7015143280220557
3.4314965035180043
3.680468071746649
3.264992679536748
3.5089549506247537
3.382984042794315
3.4465216109271344
4.296728630805246
3.3255295376900635
3.7619757740661317
3.5485343165415957
3.608384727345629
3.6463393530424035
3.44744039981322
3.3607772042585333
3.699669208730312
3.422552227324494
3.524947724856954
3.2693325870265584
3.5461523531873818
16.512968141515948
20.400167756919828
14.515040515287838
12.779869918368846
14.663565518531447
3.503331461919831
3.4131290950643236
4.611048778864083
3.4921505352934035
3.7642347296001457
3.461800381972563
3.4753170858716036
3.63536377709751
3.4330886557644433
3.4439723494144268
3.4965035033727045
3.473373061154431
4.190021549691585
7.442422283402763
3.4826738308596052
3.5164810737156467
4.104926848847554
3.3322735828094494
3.7065867955812717
3.556170892794759
4.396770587891709
14.477874359962692
10.5508581772899
11.957735272412721
13.096790759901435
16.33787909607571
12.533028475835922
3.3413253142540666
3.460817620665181
3.79416968007928
3.597450853937813
3.221034093542908
3.3443602522913083
5.15409174156349
3.4967897916624535
3.6643046964659627
3.4063318402905503
3.4318913974404333
3.4859200272882203
3.4956579756266875
3.7953072895143967
3.276240045295618
3.535898076608464
3.7027304512298516
3.671195139619437
3.774047447818056
13.215428529305393
3.589571544993643
3.354811615162129
3.548031798261864
3.5919650905651075
3.37809151737975
3.4532545800545345
8.983019286987387
11.055660701067616
13.890071270197256
4.517130610476629
3.7997804679394753
4.883503073208379
4.7282743380466785
13.627595506724841
15.186834249469761
16.53497601148021
15.997139051762005
14.985379828415065
3.5452971275630154
13.383622791262859
3.3589850115463533
10.32731914341981
10.969722702384223
3.7486154421982647
3.4097613642183395
3.218062551863759
4.2603936183287665
3.340485902414791
3.6286827591817845
3.654240084396677
13.47340562679234
12.995459319367932
8.725953338720448
11.936281308208168
12.516790988169785
5.050266095649137
3.351050436316096
3.4740958238031814
3.719686170289912
3.331466140734566
17.963448935656814
19.446950332035414
3.4617721120023432
3.53639147997508
3.439417543338453
3.8140433581354714
3.642208888471444
3.4610656242386986
4.286588965865978
3.322629558273004
3.306936388818101
3.252564284507063
3.6553884833173673
3.4079426156569115
3.5195570881961977
3.626426582176335
3.3964962054560184
3.735581836402682
3.514013490092827
3.6129454064682407
3.3590851460773057
3.545711692161921
4.188105056107814
3.4262200073414126
4.562380138565695
3.5334496538174074
4.617505346517063
3.443356192349076
3.412985860355719
4.36093843662006
3.6325004032969064
3.7139989811866165
3.5615710748666505
3.4704295764310746
3.627494330911137
3.472453897735964
3.7054799737453594
3.4825097178949465
3.3836051500489286
3.8303343365817826
3.8886728081658655
8.317753686437605
3.6761898010946252
3.853164485520585
3.47931560068361
3.5609256798270374
3.526358036582802
3.4071342862435303
4.336196832436592
3.2616774493142326
3.3940098995681875
3.596003540662331
3.5011121081357084
3.339317208484725
3.473457406619275
3.27823131454647
3.6714637582217478
3.481115795856762
3.363742376494705
3.6658529984422885
3.458547499989457
3.4216910516314694
3.4707615308722515
3.3332956901119455
3.369400771175572
3.475981990373131
3.545173797598713
3.3917051490433705
3.723420055655054
3.6681564824657893
3.5367336484445606
3.5290385118165015
4.381734419096819
3.5701811245343036
3.4660089167853494
3.378014629040618
3.402068261109554
3.2614084700306627
3.3820019803256303
3.4305739009918703
3.63110087633218
3.5047218944974725
3.5132384573003526
6.247603917185411
4.352284050974943
3.5275212532879663
3.5631876772195588
4.2768762009081085
3.4728307666345515
3.4174748091574463
3.8412785373122187
3.5085701074430125
3.9074157147717345
3.7315767011201637
3.5287463239673396
3.4126727961354666
5.724100556671238
15.05708326211831
3.567891326601032
3.357968653951443
3.2831562360315365
3.525941861489705
3.6819761219126903
3.314217167729372
3.3798176759710197
3.306286810141532
3.408637334741555
3.4889191087330547
4.2291245164905344
3.3183200851331094
3.5927004869737997
3.5931067960915115
3.7706786296584864
3.3112239370925103
4.358673001645132
3.573312283477062
3.5068145535397774
4.379360371465008
3.493639213684892
4.5338632084440045
5.293350355575528
3.5045880574571244
3.927617383498002
3.8882746397281713
3.932300872788799
3.565127264148665
3.6223341529482713
3.541266290824429
3.4239566401963284
3.6809676889217515
3.4186952475471997
3.2555152955249813
3.3417958711050773
3.42034863518101
3.426074290562644
3.6412531616266355
3.7743345960388837
3.3587281308941557
3.3614355393981112
3.5087865833695497
3.23313217863174
3.530139158925229
11.07644476400959
8.773018689460729
20.10134626744124
9.724833867363193
9.742690892345385
10.509604818371916
3.5995732774531266
3.611421712785816
3.33764295500249
10.1742503278745
3.86652379716811
3.395659230076001
4.149029376379213
5.052137044226678
3.6765819562392763
4.012886891188116
3.5924416540849338
3.4761215925192372
3.4941003601212213
3.40646088984213
3.519261291116095
3.552913257848515
3.5993827460935623
3.8316357770733873
3.952395471264542
3.357520499775897
3.353990797351649
3.485504647835251
3.618949911550473
3.424427274326094
3.5146366032241274
3.3511379661292895
3.4631473396583177
3.559754210140702
3.533007057821864
3.5864909230245114
3.655143986260912
4.828351377273959
3.531393559329853
3.4615967760970605
3.7367065497025447
3.6819918854192903
3.9342054751580955
3.4253771723917676
5.855711842861934
3.3938561755323313
4.061205868632895
3.494257866489129
3.660609392340262
3.3617848094442877
3.334994452587354
3.4912178128698352
3.712360931180426
3.493797579152139
3.626280754176008
4.205508173371628
4.057685275484182
3.5202123601342517
3.4290923078006226
3.4317336963828993
3.3950297413126784
3.6017335243268356
3.386992921450293
3.418284224155453
3.508087165575697
4.439771003420763
3.441738361378417
3.757905052998425
4.6207266284413455
3.4651880173619745
4.119670096020077
7.989749216897209
3.421758571389232
3.3618372304608313
3.2865403413311234
3.4838177100985224
3.3156209012241042
3.5627387962095978
3.6914527160464043
3.519766890296037
3.37037310247006
3.6174115348839844
3.3315820619195535
3.620028079382671
3.4047871667777203
3.3963951742343523
3.7495300055497705
3.2571092640785997
3.6989968415248216
3.5088951701020528
11.036028566719063
9.653827441871368
3.338719243186149
3.5683064823414634
3.3802763284820934
11.376604543407607
17.895046370305003
12.172604501294302
3.304273831900235
3.357265628343302
14.111553518256061
3.41886037860822
3.449971277799739
3.5434588835313674
3.5930550469752323
3.358663959092646
3.6139385088872253
4.128922251322594
3.533495425063224
3.544508233920935
3.249092040499426
3.5603784081050573
3.477484720084149
3.6945641811397323
5.131341892552049
4.0062258013410075
4.210071653906026
3.497672989053658
3.8117025676445078
3.663609645966676
3.6278400100477177
3.833334032379285
3.533246100420657
3.541611523008396
3.6371983123469533
3.569256681154479
3.4818441972282406
3.7278887397689404
3.5317071094015287
3.5708202861772245
3.524559875675769
3.4597699346434823
3.703719367902316
3.8040077847106293
3.510199319971528
3.732423649970346
3.462847109904649
3.483648943991575
3.904317338077815
15.083444504642138
14.6060147456509
16.288311686251422
11.213373604983932
16.90993409375524
14.457847102594176
3.500775710378108
3.352788770914761
8.995468159787261
3.4731532956801745
6.2754557876864006
3.6931587224864244
3.4786662753800774
3.9209055268029234
3.3047641155759018
3.471055758430929
13.192122930869083
6.735755961405963
15.83759999147038
3.5449624056616997
4.8929648345253645
3.561561245884313
4.0017405963146535
3.6136579831259925
4.149541405008854
3.5891759232545164
3.48779895798979
3.47801667017312
4.3769416633135165
3.2590298866816303
3.603701333374131
4.059545101430103
3.4094855178066323
3.4345381287645678
3.320587160757407
3.7551018205253213
3.3358053935094
3.4339808257244124
13.074769904419648
13.743754097521942
10.794716457249324
11.189528394722517
15.039339702186815
5.065284203297808
3.8011655827555018
16.86327426288025
3.521647697101464
3.3708620114515213
15.535241658899654
9.63164660838817
11.876425168005774
4.2772618205805095
5.0427402314167935
3.6580528383359368
3.4219216253716085
3.533011671773991
3.452845199384835
3.6480466630899424
3.582397315057931
3.442184670901229
3.38597284318958
3.5566522369606868
3.456470044248819
6.573162217054677
3.4581288248553212
3.5808068324380713
3.507419358104045
13.43737818788971
15.836689204050458
14.167143164384678
11.969972942930454
3.4998184938290002
3.3530931197455622
4.374809423414199
14.149793086338635
9.984774150985267
3.688872032506639
3.4218002326867474
3.5701248123234173
3.51116190766946
3.4522912902239256
3.388132534678281
3.5068076760959324
3.369989752222364
3.5238881281511985
3.45940575255002
3.7096852757361054
3.5150822817323943
4.2775407008716995
3.4914710785715357
3.416358132996539
3.4915648605068634
3.641293850117636
3.368280419395116
4.467361868155262
3.765627598410954
4.1508951269097
3.458925314532949
3.476806061166908
12.63109564337082
12.175573872849778
3.4552394660409904
3.4518252379318755
3.3104064779347464
3.541052021309783
3.49467119534269
8.524224607429172
3.8449216038932055
3.6710687726358966
3.28040440419532
3.510168469389507
4.142550098459454
3.375996131406744
3.6573650412157743
3.19674054363369
3.60634938860224
3.4268665542574746
3.5110324183110846
3.4108220430409317
3.513076591386199
3.8667320639232186
3.39026388581651
3.4165420733027765
4.470235065595894
3.590731522401984
3.4617420717051237
10.593572092663166
16.25599444913191
9.417986124498233
15.63433530304708
3.4195081239467555
4.623794926438365
16.337836152585965
3.7442314811323847
3.5461855037157832
3.8374026081577144
3.354410368090277
3.7876766467448317
3.872068254376696
3.590494488657134
3.6281042050043597
3.861582161099291
3.2576367312822017
3.54280442652361
3.830097670928007
3.6628400454292427
4.278611007589877
3.560641187592391
3.6465034056979118
3.6099480551426435
3.5094847670100826
3.254397347030184
3.898167521826428
3.620998231643232
3.439638445500737
7.8461333499106
3.4829648131728796
3.3092863362836873
3.4816044143812492
7.79125862141567
3.6140510002302504
3.8850882473716712
3.4080064634762626
8.088377034677976
9.091214979059455
12.902034870668949
3.2560247856288806
3.5243498885064546
3.3912193796681995
3.4132090996119464
3.420199109672909
3.4368638084218595
3.268978917736411
4.477033466290066
3.654163442328681
4.721775215441688
3.5465669982522234
3.575617143586771
3.640923127045901
3.464501098394533
4.16967350354304
3.491331765326367
4.054194554252496
3.515255053315589
3.940006918395316
3.3803718691665217
3.443233929794202
3.5486269250981666
5.235756461463747
3.909404331689886
3.4447008453922674
3.411246988343536
3.5328737924867593
3.7512593940622883
3.2188546204029658
3.421183136533781
3.301767237165568
4.303126444349489
4.08073478940592
3.4178497478414385
3.4319998059186254
3.498679014464217
3.7063477049980307
3.9071050108031056
4.286759256207427
3.46171646180587
3.4849495390465157
3.718150765426053
3.6254649336948157
3.473726234181716
3.255065631047761
3.6743667910893176
3.3635844063160394
3.374644483503691
3.2334087259467648
3.660359466984133
3.4621399520117113
3.454101523432856
3.532426617147972
4.414359692012789
3.473336935830419
3.9124576439955803
3.8921025213056826
3.945530777827696
3.4192421191868245
3.723756503742547
3.60626267552966
3.481088981407234
3.317679002064362
4.1974608516140535
3.343726788632673
3.484039262361009
3.3379111635672363
3.4742784142186904
3.287807004268045
3.8116001870192124
3.761101124125388
3.4969356429060063
3.7132242627671017
3.3455860053724957
3.511463712564525
3.4987237492716137
3.667374822249034
3.4574933087798048
3.3914005331375234
3.417180317785775
3.9870046237397387
3.713491130723711
4.1165948475152785
3.7776429663828663
3.4695640369618443
3.4818075598501212
4.202420372035492
3.5554387291893796
3.593289521511557
3.60179835272229
3.422972853059365
3.368548763279012
3.8430900416917897
3.5405378622703223
3.4050767747232817
4.082274954797377
3.505218681839609
3.4451446631455824
3.349396007427542
3.533953410487393
3.5384026068293757
3.5648759827591032
3.530841025982533
3.730931323201334
3.5030149580664873
3.56627282382068
3.417454780024933
13.514683271541443
10.061568447244767
9.684955028188705
3.4598667157751777
14.635809804616022
3.703980053732384
3.411969614028446
3.4689875931605814
3.3966806468929733
3.4660868888588086
3.7811364455852177
14.556192496446005
8.140432357165196
16.651792863545317
18.86596740092186
13.783808613476317
3.370966284987095
3.381388953439492
4.342334197964824
4.907641493546926
3.367151555314995
3.2562753028091915
3.4542826468031134
3.3804826428856507
3.526755513526209
4.92404929010544
18.63146844048724
16.3780136952471
10.767421063875625
11.326401745989491
7.155350803759584
14.786365310145507
3.399958794049503
5.148592170275845
3.3484797228684675
3.4819835522623563
3.5228490741077936
3.9525479286547105
4.39401454194736
3.801471366238043
3.488521139925404
3.4045503662368026
3.255693042252697
3.5654141255866847
3.357408026649254
4.156104171961003
3.49162565332794
3.6485395596418986
3.4153408790633923
3.4916320650912205
3.355652456396884
3.2967926954810327
3.3416277393356646
3.5451003919351587
3.218324798995731
3.383497283491019
3.2645005154283666
4.047276596130094
3.920020210993725
3.618202712346614
4.695044050901453
4.460054356028455
4.235341533238406
3.3325697057112245
3.7324095057390885
3.4985428696303713
3.970978783022807
3.460712463205351
3.987801082601843
3.34712721241788
3.4504766712277952
3.495613041270257
3.4038960500001196
6.364533736129762
12.868309165865238
3.5921082395661417
3.516655068750535
3.5849507816883524
8.896155227954047
3.647399208036715
3.730810900498984
3.4797889163397833
4.405965114030946
3.4640159949908393
3.2621959938805936
3.544321157108616
3.838835604012262
3.68179693527459
3.851207640892429
11.862444792490516
4.273153240246394
3.718384213020032
3.4515422319608753
3.626611525610423
10.741341450857153
9.00920358051035
3.7007847866827923
6.826618458886879
3.6368083944572582
3.5032034442046602
3.3967549997260544
3.387764045573447
4.734827931447534
3.51967648659479
7.841943340222126
15.535622150205308
13.188216478021225
12.908733317605307
8.0203097099071
11.649766775527647
15.979816189695565
12.992742818949381
13.488326521179253
3.4060271327656046
11.67901862903787
10.739920361305417
3.575392137687195
3.9323293419746976
3.5529235975202473
3.581688727289519
3.2859827480808774
4.3267986313534434
3.3500835917383656
3.348198994669028
3.397501788076401
3.7672717507642037
3.832173869969459
3.6385980182333153
3.3258676382030172
3.8292530256100425
3.5512935844688718
3.5291948865379776
3.31316245578979
3.422988755826508
3.595026096278884
3.4278195268307337
3.668898741459615
3.6143645390571173
3.3769381235634137
4.902468851244578
3.4568824734639945
3.3102661593097062
3.937788061597444
4.633326906292724
3.631909598308094
8.135316329450566
13.588546665604191
3.5583776695819687
3.492083970010627
3.711271656380525
3.4382529227116265
3.7513840881322595
3.448172711308791
3.3335583144845353
3.486891426303025
3.5215122146754947
3.467263129848968
3.2366545450850746
4.351120216735499
3.566719275630912
3.3897446701817717
3.606569592776464
3.7337790009474183
3.3982537422475168
3.7713328535596915
3.333292952212315
3.452651594721253
3.3426423979781603
3.469814159323297
3.4829255922904743
3.49745578899389
3.991005144134629
3.368961127542438
3.5465666857034055
4.152577990680234
3.366037094481065
3.448699299371894
3.725949091655197
12.138496739687017
3.6375318996379544
3.6861475906004957
5.7154849600819855
3.7887793505018115
3.955911403892514
3.5579976144876104
11.305197105110034
8.064705851555047
12.907422299493867
12.14388861795532
3.3055789309133954
3.30111912504346
4.335378290264009
4.329123352342874
3.3720048032517593
3.4820669806538187
3.4048698954143726
3.4851806307114352
3.578261929551247
4.151137556121933
3.428996057898095
4.657814756532893
4.095524826019207
3.694408134831503
3.646640632769131
3.664475387001227
3.4082408705661216
3.2526056569494974
3.479423120763007
3.885051716465262
3.570033100489199
3.2927706392154565
3.9220109862306423
3.48983974518519
3.3212732064430215
3.423564852748359
3.3631831059976633
3.369109456442832
3.7314606572449343
4.008305450162349
3.594003476869599
3.4706255235413845
3.5714581661033824
3.414384469019428
3.6163451394128914
3.6070142975585315
3.5892616472771888
3.5821338796112823
3.3914517310275607
3.727646110332479
4.128759595407248
4.663250646641192
4.496771928757301
3.5860202891715787
3.597001144765767
3.545178850758859
3.486680209217094
3.3440328378518274
3.3376817570664894
4.127994568178854
3.520891120295264
3.493168549336091
3.5879494789305455
3.444152480123941
3.6661336040595796
3.4413487169977817
4.84094000142461
13.203256152623773
16.429154271964407
11.172418260320278
17.29968703410741
11.456057237818293
12.039380913723715
3.4357874268465087
3.523455920588869
3.474351573484018
5.450841687841948
3.9670566853101263
3.3693963359929286
3.888194484743453
7.243012622239312
3.644374141300474
4.301943198263832
3.276069925142904
3.3972551815720298
3.6933203187276886
3.6429936664230427
3.4800893264706803
6.661276684602653
3.4534778400852764
3.630550308816076
3.987823767378927
3.4874340185553696
3.388316655395617
3.6784850289847744
3.5856987972542766
3.331417333187537
3.4664010594397983
3.713280328089491
3.5560755457540436
3.5744650346566758
3.822051207441749
3.387745752112015
3.831998350950319
3.9261504473777444
3.3751669474246313
6.30816441873762
4.314042486962325
3.538515914697676
3.783401120336777
3.523635981153362
10.800785506638194
3.426672564706048
3.6040225169873104
3.533070934215984
4.226415007186928
3.429817466122199
3.5537722804597065
13.8381570146883
13.19077907412657
11.960301924437749
7.73429191190689
8.695478686663236
3.408103444364581
3.4658669711742753
3.682624714859348
6.093703998980193
3.5813653055661554
3.325197993205663
3.794997006155037
3.575067482504852
3.7808748278566684
3.493339524231036
3.4719180580121334
3.7194881404155713
9.790654041035205
3.737970440656449
4.530672041421133
3.521804732129798
3.930203852546736
3.539499926938826
3.4102663035609924
3.69843931138724
3.41829070692211
3.432369259619593
4.528360278676943
4.478879063019962
3.512203055924336
3.3723990041468523
3.4905054975398517
3.7685401641044276
3.8011210158424014
3.757719712141607
3.4637488508946683
3.623560319295908
3.5075174963841103
3.428453003890154
3.456389508923269
10.968494719961514
6.62526797558955
4.14386240227093
3.7168312674977777
3.5878437542030115
3.427355442805458
3.380128217010755
3.4294816724714785
3.600265747232364
3.8084358452061924
3.5304645623310775
3.579906372846272
3.4273355168951216
3.466302288799297
3.730916927536308
3.8361979650513915
3.4257246615507633
3.684949906995184
3.5872058976159513
3.4610620246532164
3.4855160799222187
3.5125128697784396
3.6582342003656807
3.599546793135649
9.45693135878656
16.3934339011982
19.08183482704381
12.65170112493681
3.5431847619247705
3.62920534961012
3.3569107597109475
3.632731170694779
3.6667879938970267
3.2908899619236553
3.4274367733250974
12.907127063212318
16.159297443598685
11.582571050054705
3.934894695392221
3.6188693167744743
3.820660087409663
3.3132671809349477
3.3384078631916188
3.688668352109552
3.484866823648262
3.8722147694279583
3.6463102981489963
3.433146885136785
7.708349961477698
3.6858067006393123
3.3377636779224655
3.897424471405703
3.6618193499363025
3.6137774155995315
3.3960540364484175
3.35510490016137
3.8149438593471032
9.331321851747386
15.698089917687359
20.473341090234054
9.79818329283416
11.787459832606455
3.7100180213889757
9.08472981511185
12.247817091579533
13.17384839284259
3.564376066686166
3.479313455132643
3.562324513070183
3.367396816809962
12.9649696942893
15.469095757399156
3.3994308476774746
3.5525668987129393
3.5923136211799447
3.3809003949957175
3.589310548572735
3.3363305443268674
3.4348604955041635
4.217403748643948
3.560819621047237
3.292053284751112
3.6035560648958906
3.3025809846312573
4.379247348106702
8.022829323254072
12.006450430952817
7.050896393186123
3.4242571280959924
18.395114526497984
13.175292079314238
18.46988107269027
3.5792359240502547
3.363344277809134
3.4261548269120974
4.687794262868359
3.5892123384263765
3.54298258374914
3.7240970060268896
3.5669114547119567
3.4993222670995414
3.7071223591940123
3.3344940013702247
3.4259149360892174
3.4329844112888717
3.883726310440306
3.444573006043604
11.847355961241497
13.973106397915263
3.4935528767501
3.81905078357559
4.2908837324910705
3.5269084331562564
3.473049742237607
8.863748229984582
3.5413414687430693
3.5156971195944617
3.7688262932578267
3.6450600436828946
3.604410397264222
3.3545961434576337
9.707277354656476
3.500666012682193
3.53831400160329
3.481988788519466
4.2302320809345595
3.495001398135771
3.316513908502799
3.807619233854151
3.432721875654722
3.2716643319787604
3.4009864431720347
3.448944294092135
3.698874455312488
3.5993586278411493
3.501799505400266
3.4398617619404366
3.454717126910692
3.7043707943011785
3.3750411293278404
3.600538782898509
3.687290663851267
3.317961082980441
3.3399656604944967
3.7016241696808603
3.468649310936338
3.4589418667328085
3.8893841371479865
3.514649009568808
3.2690865642251854
3.3070527336617532
3.4734974484805727
3.540128296462671
3.670975478376286
10.476444593609926
3.389328934255113
3.401953639764688
4.051264723547039
3.5919356208599527
3.447205686406964
3.441363251001631
3.6862066050205176
3.789806848669251
3.5649564920620813
3.3714297898272094
3.653311709490466
3.5337760629221027
3.3798496062787438
4.425402466724043
3.4088466429227893
12.314164694188811
13.607895731165623
10.239230000650023
3.5163122051988065
3.396717027206935
3.321412296942129
10.484768959418954
17.46896980323388
9.020571350469725
3.457617765399598
3.7513742078950303
3.433984893853064
3.6097961943878154
3.3298066408440663
3.3898897974863824
5.045633078550155
3.3604444782190606
3.461807871293888
3.837032427578535
3.421616434489751
3.648703472927365
3.2966056953676603
3.3596752362225315
3.7350388892881834
3.5070965328598485
3.3367143172117655
3.5187922990680685
3.3989804280726936
3.3907161617584594
3.377954155771625
3.5286582904307133
4.574320445209622
3.4305296104444762
3.715190032226597
3.415114304550923
3.6068883511811904
3.9131000188340064
3.789025262831232
4.467021660691442
3.2823477170172692
3.7390300563544967
3.5485058034772585
3.6927547823565954
5.2507205076944246
3.303630679216478
3.4615451979405316
3.490304024956668
3.533469754203183
3.564480170969431
3.942202417881805
3.402859962548508
3.7896977164458994
3.6829978461336106
3.91316927943263
3.2723091839101737
3.392754415360746
3.3719556027530713
3.8318734385880306
3.343417815187571
3.590425418276507
3.6080713910364866
13.892511241025899
3.4201936455800253
5.606375347089648
3.662093122194406
4.385858842315528
3.4595124945611504
3.8445510562851286
4.271163934901201
12.313484083633126
3.496256857912048
3.6405222642056447
9.677806498553005
16.982597266058107
12.244318065787299
3.6492026522691647
3.566915313843083
3.6164646142784203
4.02120090003899
4.060532440799549
4.476616320220056
8.681683032226214
11.396027336022485
11.979927787989652
14.454850857832408
6.31116322851277
3.919672911566766
3.28734267066673
3.5850766568290124
3.759816720929838
3.5344349678118263
3.5193253735714305
4.770602886598655
10.522682522132936
12.713960044242533
4.145023000624365
3.495238324723977
3.3584979556328314
3.3342020023828796
12.303333215821535
4.410484803909009
3.7444922781621495
3.573481995747105
3.414033687642034
3.449562791991984
11.222177113154373
3.635883906091733
3.699379272843093
3.483853434773337
3.4483441865241238
3.5210212809061234
3.4884155718482366
3.306660798999195
3.3963701388659766
3.353869627748841
3.7140193732514444
3.379597432322077
3.418312850798404
11.737752215410799
4.590916285438299
3.4949999018488462
4.064693087367
3.392654462797864
3.5853619624335
3.8850248464157984
3.690055526971201
3.4510874449918205
4.3711682943527075
3.413592707309815
3.5753030528935312
3.3643783957669195
3.6203913288535166
3.8525783760234296
3.414347480774315
3.5998577138981442
3.8938946418231506
3.9423033512375527
3.4005279545896174
8.404455075750436
15.323939992316237
15.862179742929023
3.5716580277537076
3.3700825721499292
3.9605397536043494
3.6970787998730046
3.8035113925572768
3.608454589389975
3.3644295724262934
3.4679123425134604
3.436313669131623
4.127270887056655
4.025225602800962
3.346668032376689
3.4519883497881185
3.312768058832626
3.5541267924438937
3.4524169027740585
3.4262538640912954
3.6841088116192466
3.756666360808227
3.387809286391966
3.6816974601121837
3.500485593093397
3.5106016139064744
4.335414724631077
3.816052040759973
18.11178629337751
16.250931244487095
13.845335312574447
12.206569070799617
13.428774491106834
3.456295678465306
3.4893292302465904
3.4683120486729537
3.929473403419667
4.469743938500173
3.3392358311994093
3.4208265104379683
3.3560348763581804
3.581227255359989
4.977306955064927
5.883013478936484
12.649041377544481
14.67876702106827
14.806887761522994
10.262584028255752
10.44179693327576
14.839014811264905
14.828884553394834
11.187476824308847
3.3641307284899282
3.6088638154692765
3.3971734717321356
3.3548851063789433
3.8400946692273843
4.476206980852169
3.4063388077141403
3.4737529376050498
3.4280379527119536
4.13253161105461
3.997509677792994
3.705665200001974
3.9524277087750472
3.663804039254954
3.5325868102643625
3.5845044963615376
3.5671183381897977
3.841493399417868
3.650833191515064
3.6873447125023677
3.6171930383006945
3.7394505771242077
3.6044291561774187
3.403742431611295
3.9522606255227677
3.3261610051215196
3.3487768499664354
3.4826045345888312
3.354453335119648
3.5859665375148615
3.330272215144061
3.326824782155821
3.961961635832014
3.417195363460711
3.703276645620157
7.746811678898069
3.3772560367108166
3.7464858834955614
4.116130171846509
3.4580465580897433
3.775883815262673
3.3374532767505873
3.402419932646098
3.3778262312432554
3.46137570105219
3.818443253652778
3.592440646767372
3.41437654111502
3.448771610390959
3.5566446075362115
3.4584800271926985
3.30403185815838
3.5162825601771637
3.451237194254392
3.8782240164496535
4.166446031945846
4.668260811216075
3.3766459082353952
7.61458604796081
3.3118413357922964
3.7176733261643715
3.3282256810009976
3.666641439712114
3.587233403875586
3.4756522121707554
3.519756412694364
3.557123433180108
3.249035899847177
4.274517922697961
4.709657301612368
4.067733899519194
3.5104151937173595
3.3825895191873556
3.476670556449705
3.594434699654661
3.5859413770695867
3.3977464923289817
3.677191464847323
3.797646716786952
3.450284061615057
3.5530857868658616
3.4662755748300116
15.413077818319811
12.213804057823257
3.83791157126902
3.619720650312936
10.469103595019334
3.548043441926631
3.721894336725242
3.735511250086094
3.4085250079831506
3.208567495856391
3.437152219733835
4.16087388409824
3.491296382742452
3.7982833004914536
3.3725116214910758
3.518484401614059
3.4886909797797534
3.863883124659945
3.499048001722474
3.3404632039860074
3.3293681776282398
3.5356111762377687
4.06968635677638
3.8407076693133777
3.427433222962044
3.734812324522216
3.4286397341904298
3.5484283892675146
11.962890878471196
11.887419468339573
15.126472296075892
17.60781779113585
12.603468494599667
3.589602996887579
4.5659829773580665
3.7860041407682368
3.50217238550346
3.413493107414581
3.4866494877320786
4.5293144606284175
13.78081048187288
17.09639959797505
11.991036339565094
14.344924906890567
13.12598183802909
3.4283664471551085
3.2224955443597647
5.605928573942658
9.656759248955677
3.4126088245762936
3.5917577077766865
3.8158955993132464
17.41755833416117
3.298731759357557
3.523684510873124
3.537928430243521
3.385906228433915
3.5591186715200345
4.605869667178569
3.7402396430691676
3.715495741775115
3.3703665426624565
3.456090493572641
3.5829694286974783
3.4527456224058106
3.593302458316555
3.495051332852131
3.486737451124253
3.4466421114453674
3.463739710604166
3.4461643524032564
3.5286754369966378
3.4167183873647287
11.765481535350915
13.741546315106058
13.945713525837121
10.986344635171575
4.206164169868611
10.12222309358533
11.77888533376902
3.388255521915478
3.563925608644455
3.4436032507184238
3.6990011214282474
11.071000656372883
4.9046836984176885
3.246147409836997
3.7396710665210615
3.6661043823111528
3.6477014698664574
3.470984449286581
3.419586869778713
3.585685741190256
3.364216364392064
3.5667695680698714
3.633174246961081
3.547082470404013
3.4599648121503184
3.6568351589870947
3.5221993900399484
4.128329732432955
4.939351840464438
4.876506916164528
3.4551041613361138
3.7518941425270076
3.555671752960124
4.484760114002308
3.5209903526842288
3.3657349260242353
3.503213523260211
3.4165785285925394
3.659655027131298
3.4424124478631786
3.335917276633532
3.3491991316795255
3.6349958271751377
3.3227171568722773
3.504370983118535
3.428871876943279
3.465580768796892
3.3541211513992426
4.086584187293522
3.5256665243575407
3.3960746473642054
3.670831420834367
3.6386535422479183
3.3437584792220427
3.385126340124721
3.8028092041251798
3.922696272852947
3.3250261422973844
6.693599502498598
3.5459731244754513
3.7791845758584124
3.6011844977563854
3.517966598387211
4.026632833144708
3.4365013139786162
5.434429895973361
9.05095236961921
12.677058966635942
18.10187258324403
10.291151359357393
3.319213231279691
3.2549704986790537
3.428021636827194
3.389751115338701
3.8537165435338823
3.5288661132393413
3.3792589407226146
3.6161937906749193
3.5767632550962416
3.3764919369352215
3.5643265417990646
3.6673431721334957
3.5532962230662104
3.5688208106017405
3.270626105364091
3.499310036600826
3.4079842727237555
3.9791741726431242
3.431561407474261
3.7098743055184187
12.75973544974164
17.865462532055986
3.479612490106202
3.5158846871694838
3.3216638687943836
3.8497822083380737
3.497619594649966
4.004758609067172
3.2963957750108235
3.470413781043858
3.4947440114901944
3.2959441972956838
3.5531529374286985
3.573461041826837
3.479728118911345
11.14296701719255
9.042696320942115
12.687980000724366
14.309674350490027
3.4003632532961223
3.7444270366931223
3.417334851585948
3.738533634034791
3.4293921726307284
3.279078800179316
3.503379429350863
3.244969807598066
8.335135125982863
17.178063564264928
14.444447530346904
6.187253745292381
3.987102660366859
3.4232915789612672
3.5650740353840513
19.087747700614933
11.525593258828478
16.973003118950412
10.364149023164133
4.486588861074675
10.804227329489134
10.603292637652391
13.33615695703502
15.309018345929502
19.606056356817334
10.267202103683685
3.243986654663015
3.3868931741870787
13.106617399186458
3.4519608926929353
4.058576608824061
3.4151272097609318
12.870651425661212
11.209487184455217
10.459014967759252
17.46359587427445
11.70406416019621
17.161650167562488
3.7880418541482874
3.7007042437066633
4.327857594958539
3.3947801284484598
3.4476500320619525
3.5731351661004433
4.331222625145102
3.684052565538539
3.355865142361851
3.5083004159059468
3.3854158256640514
3.3751285372657023
3.5169041031033568
3.3222537562092262
3.5314676496099064
3.515628388411156
3.715438031208084
3.500002529020361
3.7290414786820945
3.62473237168516
3.381900193067305
3.4154263630677155
3.550745933826083
3.531710996710226
4.671426268030165
9.319648902306353
18.26784195309341
13.358241784757823
8.303151651314506
4.510386775681083
3.6300568328686755
3.3713250271579875
3.305702151417491
4.7587505115940205
3.5341437615025604
3.3920546951575026
3.856540031998195
3.7592263275216533
3.4875982885492847
3.850399827932346
3.434669359173454
3.972457034116595
3.5683893826283724
3.681497778231672
3.803333530486582
3.636197639366373
4.210326095174425
3.256875239552195
3.402172732747781
3.835860385799447
3.5762551704826153
3.461883669552634
14.604537768556368
10.794826955485975
9.383373077252045
12.334582744069495
3.669914289342765
3.389054259270619
3.379527416075145
3.643702333827566
5.0766709643107
3.647923828466704
3.969995804889854
3.41582626858471
3.5685719357095085
3.3454698221926886
3.9684114514917725
18.06216084710501
13.124353046303174
15.05422309115174
16.13541141982939
13.191407270972109
3.427343826484498
4.907130364219147
3.486400560373679
3.284259365639931
15.561327545856164
3.267542418072063
3.222789777478054
4.164626620313258
3.3327400664703015
3.4619702995758086
3.3444950640316
3.8551011671338746
3.4826554341849496
3.6223352749341466
3.465965310757774
4.145875031624691
3.265774501485654
3.2691950929149165
3.6685058134278306
3.457788453291953
3.2726825672498276
3.434290277490746
3.355435496186656
4.58471860457472
3.5836059562709908
3.356244860379039
3.7468627094907374
3.6918599077791154
3.2565582510512106
3.6243675388393055
3.431251554991601
3.3069463510768173
3.360318119026407
3.732106230058635
4.522081496562251
3.3600517478301244
3.3306316318687648
3.3508435921554818
3.740056081472109
3.492781292950782
3.539509630742229
3.359499037367737
3.708916582087003
3.400645502058821
3.5353897895114255
3.5949190158078883
3.5884586090098733
3.657362388178729
3.531286742175377
3.5538418719851306
7.618951542879966
10.031760710274778
3.5790103383287457
4.409246181739105
3.7174835123362735
3.4625556368163046
3.5173399888859125
3.528172423136497
3.3980225484135116
3.7269086917404888
3.715155006127655
3.5055648941596944
3.355022068201298
9.990068712971624
3.450465642162519
3.58746355230521
3.3611621738600106
3.3607863300664587
3.426428846387785
3.7260453180964666
3.5625762002761228
3.47528053450051
3.486989641986008
3.873952454129869
3.582662782843293
3.810201367819143
6.5576386241110605
3.605673909710487
3.371890686136113
4.060753885697602
3.65840358256144
3.4939470608307586
3.488150934494897
3.7680967828908214
4.46982369637388
3.635231144055704
3.6050624468689723
3.8198837465962914
3.5137679872977086
3.3084893833531477
11.319453401849373
3.9905361307100824
3.504245569762727
3.6746638315841804
7.131766610073323
8.645764211997108
11.20287868241348
3.333153317338371
3.4479087698647994
3.439555243054192
3.325602095038513
3.4542085550626402
3.70735135017211
3.464865391876702
3.458162848372546
3.7703149852582705
3.7196158371217445
3.525134113846284
9.975134205564022
14.59286332251075
3.707781602545532
4.003619188399723
3.608163014560872
3.5505904565487487
3.7154375740058936
3.30907958498609
3.480843065691638
3.8004635634820447
3.9550684219327548
3.4254872224039126
3.3039136128319235
3.3670133183334316
5.831633640821591
13.233901363744497
3.514878026452382
3.633067126349605
3.3044305672156367
3.443586027197021
3.5736357315766556
3.97755739138422
4.03917987750219
3.6175026016631797
3.639613737385779
3.9215902132619105
12.413618135541928
17.66544417146648
15.045140247346229
10.464826922227928
3.5105373927686303
4.241445786964771
3.238457475087799
3.309958746128476
3.585822647732353
3.425697355585858
3.7800654686361534
3.7029827007532257
3.3550160150772665
3.5345762169269275
3.9217624564502422
4.059214404339872
4.156994565740043
3.4860090373241914
3.452411010464531
3.5086132730066124
3.7391782467667554
3.8916049603872214
3.6549701615271855
3.276475088981397
8.933084025931933
12.380204666944268
3.3893147184607813
3.4447372198846447
3.4778743931544787
3.375391251944264
7.396249052558824
4.931410137078217
3.5591169570469403
5.483856628352919
3.7208388956892824
3.550167789826214
3.4578884320536085
3.8472212193812516
3.358348105517454
3.400578085380407
4.475783220769183
3.6583514193520967
3.901018209860194
3.586526890341114
3.9590436228044723
3.515541031553949
3.467170290466321
4.01458071893689
5.044006094088442
3.2641145470105766
3.5623261057206417
3.6323106483164853
3.7274637518052858
3.4450316478885874
3.9145453971894315
10.996508122742114
17.777491858247384
8.290560855680054
3.798421609719208
4.378721422785363
3.562275223374005
3.5113516795389907
3.6803332846924466
4.678323617425826
3.479549373790574
3.793828501027847
3.517359150221967
3.3684075046463655
3.4175616163957474
3.520489980126454
3.399395539392094
3.3337589043481097
4.732865893450801
3.5626361695824835
3.542176379177979
3.460761156740112
3.9190930601889855
4.002391005003398
3.4433214381157127
3.2907899653769297
3.4383057756337188
3.777426982104057
3.5571979973185783
4.59486473283884
3.3315304144551092
3.559115108062852
3.5095887540845445
3.7462957761478215
3.338706725059887
3.6143326813536
3.363947643341896
3.3649575023078797
3.4261880758231342
3.900274077865882
3.6530651470933737
13.766020463288509
9.856787674868706
15.010467471330072
18.49334045462963
14.945251850577932
11.0474649589437
3.809249848429287
3.37198119072984
4.789461355552593
3.5029458880358826
3.4500925053888167
3.4774465788248987
3.3874307562246524
3.6724483708979756
3.824199690218859
3.4605246125325797
3.8129622989570917
3.7292076545123014
3.3436537495621224
3.4894331850124845
3.77058370819297
3.3871378622873705
4.095288750626093
3.37730184978059
3.4005294181462826
3.385529926987202
3.7920714139167586
3.3479813807814667
3.5327502932485144
3.3667342533812485
4.478499606890959
3.4767156351520834
3.3428089505058107
3.2998782308442367
3.434471978511874
3.412395791463618
3.9167707688002187
3.39175359440514
3.7236249174219864
3.4692172494039033
3.5403162821840684
6.446121095049083
13.863401686454104
12.260523999441798
10.993226015961454
10.35176180505548
17.767827808961453
3.6410056789456773
11.857477448253842
16.167420253432187
3.4793144099231594
3.4042678322005857
3.55288054156315
6.061001905306302
3.6008326550445364
4.950291633942962
3.8521684083077607
13.882853389103115
12.974508657382582
4.398657825895523
3.635563125131484
3.8216053938588295
3.3522121154919047
3.644265337896134
3.2466887047191904
3.49671224308001
3.4455459105417514
3.848528018436971
3.48472310408148
3.522260790987512
3.381406769080008
5.425610586312146
11.15081379945204
9.647531137378367
3.481885333054102
3.536631028926865
3.819442926148824
3.353270592096474
3.6318724713294133
3.5559149128997896
4.43325225173051
3.6172612837985207
3.5500184804187596
3.812249268412331
3.3118961380016123
3.4983706112459365
3.60980659575778
3.708857701414525
3.63275129795003
3.4050064010264594
3.8517042236149086
13.37875064434069
15.473311855906555
9.173546083694651
11.86864623366387
3.734339035507295
3.750767615453174
3.400725594178782
3.5407745445675376
3.460811138486938
13.048415473086468
10.523901310014057
13.882903534664147
3.3464590882674674
3.726546625915236
3.5241087462848393
4.08830098372181
3.9930201886126726
4.629880606581925
3.9309256778981823
3.330778725148222
4.246911454648869
3.461301845347874
3.3956251742770633
3.400763423620691
4.82846187915972
3.730065339166014
3.453984813636353
3.551879718631558
3.679975820078969
3.3724416148704655
3.4264850069962343
3.712293132328436
4.056441944704423
3.8052498079501205
3.3693679413916597
3.4989713999724765
3.4558452577241683
3.498695092691661
3.748330306085278
3.7245982967202
3.850648445874032
3.546989799319615
3.401692872380985
3.344861571190573
3.564661926478773
3.3936514137795113
5.38997793281853
3.4881305079742067
3.512563720981804
3.5840796262025267
3.416257232215363
3.6488961847741628
3.512704524977201
3.587874305405574
3.4621141129751516
4.931766228564422
3.398330713987135
3.810379270607216
3.5715262933676324
3.304633007344293
3.245316357706736
4.298247593577534
3.388517062494412
3.539654937267195
3.420745797994274
3.3049488658651955
3.672417422224582
3.6318179260612133
3.5161921247432164
3.396628825474211
7.165843634487421
3.691166420798937
3.260465592665483
3.4261288593966768
3.3041989678162325
9.38955039203521
13.150573528440148
13.122069437465711
15.144992873969219
15.165883379227948
8.538187623829437
3.468378472696709
3.4745916827161207
3.4382184127910507
3.64818615840563
3.5096035990912977
9.493932312537897
8.68803148093338
10.396741533104475
3.4494718687535455
4.917269799915619
3.5375052079341938
3.487299064820276
3.599794540612691
3.6219052758333192
3.412718621824249
3.4664691126549623
10.160164669373213
12.210450171394637
10.814386205868086
15.200255513424775
4.659869031284035
11.16864755821732
3.6296136427613668
3.5250477105871973
3.8136951222477773
3.6386188222463476
3.485321220761242
3.541055064974774
3.5418546756371656
3.814919064763073
4.144505000653724
3.8788584415078518
14.362926379259367
7.632242017587293
4.265070968200131
3.4364582501032617
3.441865129164378
3.453651954975119
3.8992035783308814
3.5822319001059135
3.553911798812009
3.342174419469397
3.7268329994346283
17.74851206638952
13.722356167642069
13.208855729158056
3.550628466038114
12.862718429354858
4.0911119984967526
10.51943887821066
3.3245592150456504
3.5422525392215123
3.3480011888723524
3.4392920701315752
3.5173748300201693
3.2308227731595798
3.909736001881819
3.867924265096846
3.571297484837607
3.3357342837299226
3.5359284887216686
3.6424868165577102
3.583330344596646
3.418472898334324
3.421645646847341
3.5407403897628136
3.876414893681657
3.5520834800480037
4.460801091577313
3.386045346179163
3.402558703723736
4.67556912558043
3.78987206880311
3.4315903937720886
3.52094423992959
3.6137924986164855
3.5706361616035425
3.88833734437148
11.501019785375185
3.522729825561174
3.519335981652188
4.3774098565921955
3.3645559106892886
5.00951156851441
11.02665958247114
11.603869031186903
3.411956079136303
3.7577119913052552
3.7190720360061276
3.4562599922396604
4.002559690625472
3.458431275445486
3.679027347803922
3.4180778847392688
3.420060328242684
13.39795560209227
17.578505688529223
10.365832078999283
3.682731500453737
4.821767198367734
4.699233868112295
10.998925662354338
3.692822811737324
3.4467716997378313
3.5878427860994497
3.6058286455546713
3.5511959287380845
3.7829627872221754
3.4924534318454956
3.3652570213286968
4.251803951304901
3.7179999563762527
3.2563165783193506
3.3609244831645655
3.5313869078229176
3.8750554919740017
3.693879870862242
3.3726168633632723
3.4876658786702537
3.4349988075518025
3.8606022766268
3.435209556287586
3.4759513924684535
3.725487225811432
3.7716086068810037
3.466187006131623
3.4266888560615256
3.5602387767499293
3.6999361568919173
3.646651859661785
4.537835328358154
3.393566054092366
3.7247185216992036
3.8149742618969666
3.5145380959706163
3.92503341977896
3.9961946351481945
3.6512608515882348
3.7096517310194903
3.4824857215549274
3.2731743807236047
4.070661557081446
12.238526196109387
10.391081781798949
15.548957713602327
10.898309442323256
10.40426318380721
3.5812430305575376
6.619010259156834
3.3537235791901683
3.61797685615701
3.566764373686075
3.403781216385152
10.95970963876566
12.773458153431744
19.185681862011556
12.770188236657798
17.786993092095695
15.63035336072464
3.343622889000187
3.3918474451769116
3.4382566804026835
3.923976826946289
3.4043484893278335
3.485195632056434
4.8376584359985
17.34058281118847
13.307267528849783
11.259991366404499
14.40604593294799
10.026737325340417
3.4786998503047277
3.336444552996057
10.566669106639086
3.564895007916217
3.522841940689693
4.088551751808302
3.5280111140704404
3.7108786238639633
3.3680899225371537
4.559958847455204
3.4290536501006312
12.308923648376407
12.587241328490792
4.420722491975752
3.6710677382977215
3.944339314999278
3.6504641436427168
3.6183990492971363
3.449827411903758
3.4910398225238626
3.57289065008153
3.8124661262925166
3.3992034157278415
3.621280579279472
3.5611580385246686
3.4033917985660356
3.55791716845156
3.5714052583833906
4.401370914098592
3.5939302494532264
4.102024798636686
4.336487043839487
3.491187606847424
3.7860435397495324
3.4681071957851213
4.461622548214578
3.6348693492722726
3.665260899408424
11.625550266123437
18.011325237867553
20.092645385655963
3.257640002073913
3.498873753753161
3.5482352776351886
3.5698296155422025
12.8097878564622
18.709793235034937
11.113207057490792
15.02947167032044
3.6106930613184876
3.5372430329766265
3.4657276652583198
3.406570751972053
3.4703633798421327
3.7747810448512062
3.4558694507397707
3.968788713960091
3.3476511178627097
3.521485036763628
3.4758126505304405
12.585737712078092
13.376931270210092
3.3510510227158345
3.34254631720649
3.65806664957804
3.5835662707648597
3.314256830894208
4.7648348798732085
3.4331758386751368
3.4938500663666368
3.6149511864453716
12.532218508363371
14.059962432241207
3.407011912566448
3.572699462878359
11.12439613339944
14.552903568781385
3.409911804449217
3.626617402859724
3.456874056719399
4.19025093173693
3.405168215130442
4.696664915376445
3.3793265357495277
3.598784647310307
3.471251794250602
3.767485720775647
3.970584673880909
4.535841121344579
3.596914168704452
3.9194450096400004
3.482724411802002
3.464563096547038
3.6218918561488644
4.643986432593511
3.483134498560787
3.803891606758257
4.5024220261347425
3.425994437926737
3.5572440142641093
6.931588026291186
3.549861709509102
3.360617284500094
3.620628944103693
8.633681495085614
3.560557045217415
3.5889462153639933
3.3957569568501733
4.763023615237109
3.367242705053789
3.402102225831073
3.237867066727145
3.4942599085855908
4.26846583868786
3.897146499931613
3.4915164357749515
3.45608314576908
4.271948292017004
3.3938545077726134
3.3571196717090634
3.354845301939971
3.5445135208897725
3.6767014290700475
8.402054323235552
16.202493684923226
3.8992182249441028
3.4265547558978087
3.5556633494571206
3.854035752960728
4.279236815537128
3.480075788963324
3.6100053380215917
3.396262108291607
3.60151097238315
3.5060307847436567
3.4223592783068115
3.50898717646361
3.4115203559483107
3.847402593288263
3.3992580819272042
4.131954651317151
3.3923729368112863
3.5121288305202083
3.9982849707216186
3.539124527355507
3.380088608599885
3.7544018929118153
3.4911513129875336
3.380045484982313
4.275557481002711
4.352701474030561
3.8858254620632238
3.696179113582267
3.6783581418910196
4.055245081166593
12.236908290230353
3.300024375353339
3.3218058854078336
3.460795666264592
3.3769790846171333
3.474870561517143
3.3342240933736997
3.4452523035083384
13.103156629623454
3.413219175808044
3.534700829672907
4.412380205232006
12.167106733616318
3.435808838578586
3.563328816233688
3.3433362568084566
4.055637989727251
3.812261581105462
3.5080473693323992
3.5032082810423955
3.8707683732076688
4.751381115384359
3.687285624267626
4.355354121523282
3.84395143722037
4.110627854809064
3.3215896909599305
3.3064822594100702
3.4732041962756828
3.447239507077733
3.7637927066303583
3.623088222896942
13.226772873292798
11.407272077744704
12.677507088075984
4.225010978033966
3.7146183879162593
4.544590351078791
3.5232082947936436
4.458420165363085
3.43556834867166
3.524992134108908
3.5321824187748168
3.5142825664883626
3.8420778420828574
5.339498274759772
3.7546218178284247
3.424948811120341
3.519907542462823
3.7275277453348457
11.375896327886048
3.3117449199863946
3.4131371326662974
4.223775206379286
3.5516726461261863
3.4543763577784796
3.3679547146097644
3.4181482442243643
3.6807828031479337
3.6255530861336984
3.57854648008621
3.5589314928849216
3.4780897164506386
3.7350427032299875
3.559132291755963
3.4494746837836514
3.6112450887854397
3.8576471266534513
3.3645947250310826
4.013823438337527
3.3240516696805567
3.6084649852537867
4.188095267050369
10.289684502019131
3.540420095940771
3.9296743826777503
3.265891871635252
3.31060878305664
3.5377969182122397
3.8976677457230497
3.5578349097004818
3.690892814234572
3.4383121193388817
3.4425206087586817
3.5233881141333203
3.4807309429708626
11.799294242811408
3.3238321019793666
3.297680683043496
3.456997510405651
3.419143662601956
3.8472830622819423
4.334458039502122
4.1816216582615855
3.3465435787540434
3.993092823078733
3.5770800651091603
3.629953087039065
3.4217562011559104
4.242126033403557
3.6065531824499715
3.323242462033286
3.7530585218661816
3.6568521402644327
3.469951335077157
3.3387243083616296
3.4880517427761637
3.3405422309296613
3.60568740733995
3.644665623403829
3.6535521744971815
3.5906303572816958
4.437075846672663
3.7541411657224155
4.676678662534701
3.487080684380483
3.288033120167909
4.39687530931401
9.61212251272997
3.428820102813141
12.884466730985014
16.09985191904635
11.469951248982504
15.311120109114766
3.3419496189821887
3.459665799509195
3.856478221169976
3.541517493462779
3.4431233039746836
3.4325750039017975
3.4221342411886093
4.217695059277541
3.493292180463463
3.5044092317316826
3.7844488773622533
3.429567011869942
3.4055572191075414
3.4333107672130967
3.7536315093507313
3.642885212545134
3.1592851684772008
3.390850743571226
3.35758160673279
3.7634660987297863
3.3200126370283485
3.4749372104425147
3.3237901703481754
3.3913434439206047
3.5509793594294887
3.55365412872484
3.5971637571600676
3.3860392901164857
3.497472905207906
4.230052572947804
3.285872501282966
3.5261292237799013
3.4157863875878913
13.861571563664608
12.455933722397322
18.704700951321897
3.919445796123342
4.602315306917977
3.6394809226663574
3.455808804875098
3.4162425000328414
7.8220720989329715
3.3954537090715857
3.401896635096108
3.4361920872088385
3.4707261310119963
3.4706681948355467
3.9283439641185387
3.4332549631254325
4.538325834359672
3.5486928898224575
3.681722913385045
3.5743670237340677
3.5014909325644314
4.1134512038537085
3.269913908356166
8.770348912902728
4.281895618210973
3.494556177271293
3.62706605083156
3.625248094762948
3.3245639705166203
3.796429791338187
3.5204218797400775
3.4453418377131335
3.5098364921128695
3.4019514251018492
3.585166579844492
3.784160371472306
3.6931365425911213
3.336084229153493
3.519058532460437
3.541197197501455
3.615768324975229
3.735142837507988
4.669562707732572
3.4965366594013334
3.979959409446993
3.5371546707950126
3.6861565998394408
3.6602910621793727
4.20598856919971
3.5006020156352378
3.499663512601471
3.5278979859853923
8.920546506096045
9.143731150122814
9.307718443657073
4.344558788859965
3.4352629926611007
3.823980566503981
3.4485016132712962
3.358104317953112
4.1363084260292435
3.455597737134588
3.60784284600782
3.5681014686261907
3.3612506818339822
3.4271970893279393
3.98259250529405
15.289980144634182
3.6451244158072607
3.737777119398377
3.2678608839501417
3.1854733756031948
3.830807610221618
4.287143074733733
3.8849592460022446
4.590733096184052
3.68689503263162
3.327242269102416
3.4418842465073283
3.5686930054319106
3.402675629552891
3.943757453214087
3.368516398546352
4.331622077193293
3.503734138447478
3.460649871362709
3.4690110322418453
3.8207492316241365
4.196428888050434
3.5179400673581878
3.37978876801614
3.3815922994064795
3.596474810738771
3.4287813237398552
3.461769037914102
3.8377359781569638
3.5602534190218007
3.592102274826269
3.3221039398399963
3.342224763671826
4.234547464724166
4.421047850647452
3.453323227429701
3.545490718433193
3.5437952734485956
3.6027085131871286
3.49333140235425
3.3071456862349704
4.5759697212196695
3.346211605829044
4.600526473188209
3.417740101051457
4.513814494132648
4.586764852245917
5.380989048418998
14.264108779618503
12.954908883240616
11.79130319247292
12.493767005722733
10.120659519706509
10.983275086965895
13.098745367074208
3.471839609314131
3.3373851848628524
4.405582765807286
3.518901305945104
18.133023774242503
3.3760897968554344
3.6384844720764464
4.277890817272961
13.160112455346923
3.346137789851844
3.421169882879611
15.683384210260572
11.38501429321077
3.3053520228455975
3.40506490489362
3.5820739403262434
3.234416728439703
3.5594428527955184
3.2626147798372287
3.4443194712893557
3.3250639104340394
3.4011443260683896
3.4696078708251417
3.480966797990587
3.4437720318576135
3.4583518231362262
3.7214963433878645
4.489572708973306
3.6879867709654377
3.543055966161043
3.457865184411278
3.5471469566361984
3.5896245756896423
3.5892084485394644
8.247615208846083
12.254655044837572
14.053629786439757
3.514410097159562
3.3085058485384655
6.268821958682469
3.5799900218597394
5.97704840553582
3.7764088211284426
3.5176170567905816
3.799355350440279
3.4319288515717243
3.454759629850159
3.5130574443039446
3.9431992019482696
3.569162779730304
3.4309218144556555
3.692526531531584
3.3758536606152214
3.389763299114078
3.469719181424661
3.511368051596346
4.542170879219093
3.624307254851475
10.054663439304948
13.735970310067184
3.4144599897900925
4.337615481759288
10.141269741276348
11.513932352599564
12.79995738152249
15.711894425867552
3.4367616976502426
3.45816650732814
3.3797393371798754
3.5480073800285705
3.724806385185965
3.359294041462615
3.36038236993787
3.543405300793368
3.5388935347088166
3.658914075858961
3.4103562414905824
3.508415938659857
3.437706550353353
3.425144166849047
3.5033916701466596
3.5740247802404506
4.123009872082562
3.8228135911782966
3.337078635363172
3.622821599477036
3.498120862225493
3.529662407868849
3.4189785526676686
3.375480174813391
3.616965525138024
8.68039978412037
3.6055303253259354
3.8648546073682213
3.594470644186659
3.5230390597592054
3.6207124565704736
3.5082570079618147
4.667047361896856
3.6530656789278515
4.279893032389269
3.7627994111122227
3.4894473009006903
11.820581547563922
9.825626626648656
18.676253750953766
3.330017556520257
3.3740589094621103
3.392304727091102
3.580652652836194
3.600263571215221
3.576822436893688
3.464829465290391
3.299249872799968
3.4695217137230205
4.3235690059063945
3.317812784979485
3.400122349654892
6.5646103768663515
11.776587897956933
10.51024988096006
16.7853162739785
5.120753641659121
3.493239922358268
3.666911856634818
3.46730665537894
3.6337663877793505
3.428709846939756
3.29142505791167
3.439023983149767
3.2625251088688803
3.3834459255162406
3.650628460232631
3.57552394157911
3.4642823464903603
3.528002803958498
3.5646737878366777
3.568285237399084
3.2719634006053813
3.4233493839164497
3.622148051351111
3.532514599156003
3.3846616042533064
5.225391221870217
3.487185897123246
3.5221770898106692
3.7077055426398235
4.174446134871449
3.6038977417496936
3.7202288225889157
3.652162459602806
3.481384313943221
3.6209005967164347
3.6549467002264047
5.108855214766856
3.396681001505954
11.445933608094446
6.66893021679194
11.370940317459834
12.976458430306604
8.45975696806273
11.544387786056934
12.61116253691845
3.319342719884693
3.284062616665439
3.5181536062243364
3.880998442455999
4.167207633351186
17.25023658292768
14.043639105377094
11.657446179267154
3.538728257344703
3.423922279449954
3.550042595621038
3.4680482038709948
3.40695723374958
3.4260677043498093
3.455051888328123
3.395272628293581
13.248715843138958
11.656748068797656
14.097827504624991
12.662809983023365
10.159233395977221
9.616226960070948
3.845040782962066
3.462236680361017
3.535233019751428
3.4273406010704397
3.759503540284177
3.5273098957495743
3.5325572326930086
3.6522118796064573
3.5413156994664625
3.7800965718977917
3.4419826128057087
4.220916732196033
3.68472677729027
3.431073239979888
3.4801359402042022
3.4055758534592804
6.268333838930948
9.065305188625684
11.970180355964594
10.643172058303815
8.109518653797092
13.696211054784062
14.968239665102729
20.239791547112763
11.166203428637537
3.5119388528218405
8.793093182321497
3.3830811678950115
3.5760510430784294
3.596169967328592
3.466446472333647
3.417820358746944
4.5813880919590115
3.711082795907434
3.404104907690742
3.535944557409572
3.4952056686795974
3.375701166085604
3.412738379128398
4.332164146119348
3.3457453923627187
3.537830881251197
3.391226218387843
3.556559389277102
3.5964020794586293
3.412622313565468
3.8895252219371885
3.34467901202364
3.4330981790158805
3.4951533487022473
3.4710293083971795
3.7478443739264162
3.3983287466806367
3.5427160204789905
3.4047093629396317
3.8461520462792045
3.6897018297101667
3.5279823933807295
3.292335468879556
6.183521168683422
3.4221453464846223
3.579108115906646
3.872021663709372
4.185204342678091
3.7198936183640092
4.425207509725644
3.535490514706862
3.4913178702713585
3.3422983182375487
3.5888050766261017
3.5984469792173672
3.400948117731491
12.528664977136106
13.129992065578634
11.9360201858721
3.3215232405310413
4.463805583336645
3.5632069180841577
3.163147611407128
3.6469645855998394
3.436645999116585
3.9887393546551886
4.419160796559281
3.5979889483308094
3.4464566004642245
3.4873772208190115
3.5237333430202415
3.4373275641046583
3.7763364111954436
3.703491011540387
3.463057198796797
3.6378646690680236
19.35255590533322
15.051773018813972
3.9246560840970472
5.024248862571024
3.378279984508212
3.389190558774561
3.1961861924664245
3.8566824839649585
3.5235076499602878
3.3402313075109227
3.739982622559282
3.582415361242341
4.581617806755771
3.6983635406998028
3.4565214557875654
3.2742607802353527
3.3528389909517697
3.4990945146582106
3.3821281251564717
3.447538785375377
3.6330039996837264
3.3164125164914475
4.007266920126902
4.017002744536271
3.9669592930773065
3.294756561369825
3.895361911045145
3.5390628240275523
3.3975561200132334
7.533750324754128
12.92702009592447
14.40196530140167
17.436513074772446
13.362805671883358
3.497828473941932
3.677821108803961
3.316720157592936
3.3083586597021606
3.6614908673599453
3.4055142455170304
3.566785397337612
8.009119078030437
3.243907322268191
14.295690796669875
8.89040405966567
10.926196873048259
3.545937254663034
3.945257611340388
4.093664067426724
4.2615455953795465
9.717926571312454
3.4325489918183267
4.19739325413247
3.653767837100557
6.025237345142157
9.222978671336374
10.364022426403196
11.216533807227233
4.446971078699743
4.0613686936490865
3.4770687258909763
3.7850901930498657
3.657898879984584
3.7073990906629044
3.3788704448239013
9.13700649072912
12.971749951840113
4.768185017670674
3.5536395515515418
4.030065501993275
3.4537076518785788
3.3530092185161724
3.616509363975575
3.4334467163427056
3.423840453943148
3.4510954882636766
3.5539930099987522
3.4013309920003967
13.5480048137712
12.991505706730239
16.3934311388349
19.736312889180493
15.418471411001994
8.80200286205853
13.843834475793297
17.12805826407165
3.482478653119829
3.8102116692970727
3.456252922191239
3.4831880782990337
3.6011401251283015
14.000173308430805
8.981546206016475
3.7218314927940677
11.243286521966006
3.3635742388564065
3.448926937064103
3.601339355803955
3.6013014026845696
3.3055096841847362
3.522233089764503
3.4959010570810305
3.5914392324016884
14.36552453873735
17.577057633577724
10.749698908608291
12.137474971168935
3.349379200096243
3.4188002825792783
3.309833486283187
3.561541147202916
3.469932307810275
3.4620523371586005
3.601033209980785
3.463934638661738
3.4799211191728268
3.4426555394522085
4.006199670829869
3.487143415606969
3.3819681901237777
3.390279705524118
4.029594164101944
4.385263572385941
3.484205657858647
3.9529391334318564
3.4880659798928138
3.496498294366013
3.634418715680019
3.4968965082616976
3.8845200284035353
3.7244823758717196
3.642113183175979
3.4495505647695675
3.67497362070932
3.480434119672688
3.3745447658090644
3.3498832416248674
3.4947437739185885
3.2821404388884243
3.542802912669612
3.3241434212421366
12.908046094461561
15.766830717737001
11.817797639136794
14.96430358237496
3.5385810480540454
3.592752835435605
4.278046354627845
3.3966487586082
3.338368264119196
3.5158893897641796
3.504756400362731
3.517679151752173
3.401463485281056
3.4013340871292
3.493012295299125
8.568254860636669
14.235918887550335
8.37740847388833
13.666153057671409
18.22269000043567
14.485784111201447
9.055996103667063
16.28424241783005
3.5939175791384326
4.052635449194593
3.730903342304745
14.300000815268897
4.242464256718598
12.328360109802844
3.82043571460222
3.546011752933529
3.529143726651057
3.6001200451605078
3.3246017094075437
3.359967059613788
3.516077904043862
3.858513404031201
3.664128633644539
3.981619069967318
3.23281908727746
3.3046410840199254
3.4160621094691477
11.360319188618611
18.817530174252823
13.506638518305273
3.678565621950314
3.3067372891713194
3.6388303019570047
3.6901338664162244
3.6416046300071363
4.102436352977344
3.4976801193963443
4.126043281366053
3.5302805255186938
3.5893765436243488
11.80871195136423
3.65152566308175
3.456945263075662
3.6483743477565245
4.199446082372312
3.575975078978113
3.9086306697410964
3.5173179065911944
3.8607194106069858
3.4594754446342724
3.4240953405611236
3.381850014388262
3.649125189081327
3.592561919282703
3.4668884860183917
4.115227046738854
3.4158715458593405
3.464974208180471
3.7463055361165143
3.589259393302578
3.4103314654806223
3.973562178306021
3.55900342682078
3.3991870022238393
4.226817375828477
3.4349842812912263
3.4506821012626805
3.570709362640683
3.981418005317428
3.415033899828294
3.682538436724511
3.485841623557612
3.4435236440656105
9.199642142201188
3.40510358045439
4.917473404311847
14.954922287656965
16.223751835422643
12.44145250608165
9.534523395210211
11.065199030415386
16.92675437505422
10.624517950575035
3.3740681731753837
3.561918802263457
3.5234274433149753
3.562039541411931
3.4627287019912254
3.5730395117285574
3.582176680817949
3.630126474434215
4.226442599052256
3.611460362983259
3.876334469894055
3.7186571408913807
3.6435834882582903
3.495683120856283
3.8341496814437708
3.660245953618434
3.4823806886714763
3.5216709544614346
3.497975199541402
3.4124229255112715
3.6006929566707555
3.327891305534327
3.5833362909951223
3.4563632809163227
3.594786992974517
13.563594963644643
15.052618270097518
8.407403523843232
3.251266542186211
3.3636697180484543
3.451848608888466
3.5266292471675373
3.4926390803215366
3.8978347006505487
3.428292548146783
11.289577047153738
15.583939647899932
10.85526493707273
12.696371335498467
11.06453584308331
12.66715435345355
3.642466977311962
3.438972359640612
3.778520635383681
3.648643558276418
4.424042824625088
3.676160892730456
3.4463711570242275
3.278892604740057
3.419595617336271
3.2483650966178335
4.4796023950046315
3.7632938130572047
3.6641031250070863
3.6138780013990264
3.4128855853748052
13.865221558885594
14.405632955585496
11.66678667719539
8.489439286317435
3.723550546059726
3.5637838314439705
3.5996842361684744
4.307287225749022
3.565986597160287
4.0438869910659605
3.462102280168174
3.474585623662808
3.4768419490501925
3.475169274104176
3.5262503921112986
3.938293088141613
3.836496436399721
3.3054016292562425
3.4979690000014627
3.4217187645912093
3.4381161649155225
3.485424551032185
3.682047011853216
3.747039497584117
3.977567351781322
3.7117589353610203
3.649710521276994
4.244703563032677
3.4680279796418807
3.6459956272017484
4.320079478943327
3.561231174115436
3.5199424082559547
3.7072479382720425
4.100305028818075
4.978655219639533
3.375189645284573
14.246896751528261
8.347315510448444
16.582601791780426
3.401755493583458
3.4382982813868166
4.669811860745263
3.5536181126194872
3.898131441299797
3.802983250790748
3.310685258100623
3.8140901738210116
6.823870155181685
3.471220977162136
3.2048466890911254
3.3252925146780745
3.4096226736553588
4.014919439033035
3.2781489286903476
3.4240450988754825
3.5747451233921113
3.7056174466722327
7.999506230035695
3.4367283066155494
4.38911285523901
3.482273645752061
3.577576811246548
16.11135473500537
5.976281377694097
4.054217499943611
10.053793659631172
4.363555591280443
3.5908123481816556
3.4907294155670137
3.4597865536389136
3.638178141876198
3.546438244934461
3.5868301111924383
3.6967698626168346
3.5971322486562407
4.588423954117761
3.6292113188681903
9.957061235271567
14.168665725990396
9.096254738324808
13.40958646144902
13.569608847406226
3.630208873082914
3.4466122019571213
3.579038044832928
3.415793915026624
3.6772430254827517
3.5085789969765524
3.73771620099043
4.526408661089314
11.891392928159602
13.856429889562934
3.5177937930996896
3.370621261749623
3.596894425379436
3.8668810089513794
5.14602239831248
20.103581662191942
14.816493799887459
18.74781742670517
19.81616581611255
13.700174175994189
3.8037962982638156
3.3210476632418855
3.6485483482113104
3.8463266369870115
3.4877108542815933
4.638448973485516
3.4260095383396676
4.416497990678553
4.100442564855023
3.493314349449755
3.5745947572223282
3.5244221030532215
3.581943071567975
3.5541840353358376
3.409512103440102
3.9102144440982696
3.60091813439956
3.471246521316396
3.368216482590248
3.619732338659904
3.841163133431528
3.645998730866281
3.360044539246908
4.379003294924131
3.437082129192429
3.448232319246056
3.3584969939644145
3.5825809460426425
3.5527697752897187
4.733744190064318
3.634308466944989
3.293909185858505
3.5553988091642004
3.441689009148895
3.407662359844114
3.30720069883803
3.9630074598885114
3.378843782065605
3.6932676995388114
3.3885856232123124
4.460450299683021
3.52528629711357
3.3907383496567336
3.7542872593021164
3.5084485543002732
3.6102605110199435
13.675277872074567
12.224983425824869
14.256466863095579
14.666804080563072
14.61124809406758
15.404610660870125
3.697938553016928
4.035012306437348
4.3482746149713325
3.616975768653491
3.717614025033633
3.369965210986607
3.6481408586477078
10.48906818281097
12.013056283725199
13.974159692181225
3.3717847869074475
3.4593552181080476
3.5682629505290375
3.4153209968636853
3.733088741011287
3.612983987749034
3.5466508200256865
3.6016327608272407
4.07805099755027
6.733837215788295
3.6370879992949803
3.579766191688318
3.9773169490060845
3.865957207013881
3.354498244113918
12.478125466419577
15.400325412668678
3.516127616911537
3.42550231893017
3.7890641089872785
3.6429571832751635
3.819836074869425
3.9675595383028144
3.339416260461979
15.369015688684868
15.757608148569943
3.6470195304251076
3.6139393315282957
3.585908368682747
3.289464387048353
3.4496853779072127
3.3521753355917223
3.5263433911559487
8.60040154822565
3.570813809734635
14.870927249837958
9.293475611243172
11.801321274442895
9.469854275093729
4.325212082792339
3.383997321251825
3.3887344328670066
3.7787891121978987
3.7110219189039686
11.150331500517394
17.41431000167849
3.2883180780444086
3.4339464890613067
3.651888649185566
4.38264216127221
8.799344698679853
3.77912620782351
3.5230237114612137
3.450911561698789
4.150923508704334
3.420568020612822
3.635898768257859
3.5284731502238875
13.549687409848385
3.611706257986713
3.6558070817149644
3.8076583066929857
4.3384690419455065
3.482981320344897
6.46184880027713
11.340544989502677
10.886296544140183
3.6892882068518404
4.709389498927555
6.60459144084313
3.838882089060668
3.6044744449209247
3.4496641308298144
3.336835653409599
3.62411217542759
3.9680006735301223
3.572683962104393
18.797024447520386
10.566164373822021
11.805975669802114
13.029275338580014
3.4920902901979662
3.527361549014379
3.7381983519768034
3.713953593298079
3.5256212008735863
3.732310445902014
3.6436030464824656
3.4569645131706044
15.244757205657207
11.339393216812905
10.669501276047601
3.5835461730199825
3.456554733752184
3.4459809088032474
10.354911989579739
3.625297603100644
4.943255997291315
3.40712150652815
3.7273152011764044
3.522332403588628
3.7682848165511533
3.414842309012661
4.077753093386123
3.473215249145235
4.433324349773941
3.3894988909860757
3.397628114932202
4.373069228921606
3.654637326026082
3.6200139171112706
3.7051119591139496
9.334083175429331
8.29195870893701
3.519395448808848
3.9096324552686186
3.367925489954893
3.481169853269258
3.4618851236567547
15.335635686593083
18.27725119126231
12.161200546060837
18.431021298366783
3.5225444659466154
3.33334897825978
3.7769645215910845
3.8656895607721355
3.5540252508978987
3.5037722706948524
3.7423405757726838
3.6821222817201686
3.983986283868358
3.47738469311198
3.5634317683899317
3.4769788832675452
3.6756981460060167
3.341203687416828
3.72658687977
3.4667110946751736
3.8523919515903717
4.2729998952025205
4.0905884779144515
3.368617000757533
3.403026263879097
3.320395716539333
3.544470316233166
5.535205483117942
3.8877230002589087
3.239351995450712
4.832747195737766
3.3399401519470993
3.440964176160316
3.6057397197123064
3.485490634495447
3.5231696290625623
11.162239571001903
3.3406672711988272
4.466444488661201
3.5314130073133567
7.811195267215073
3.5715564733150944
3.444313664514678
3.2342356377853676
3.463141307378065
4.479404663750392
3.8112917652372706
3.533583061328165
12.544871316624196
16.338876101261786
8.839242613865544
8.994579600564368
10.495326519200674
3.4503378981909316
3.6164047745667425
15.62864047361371
5.623075240561039
3.479223501219852
3.440847803973919
3.5689309312352764
4.762353941098761
3.6445045461605456
3.816867097321445
10.580004625988032
10.532506422273624
3.59340613795045
3.34018135933589
3.4965807747582875
3.4371230208524235
3.241439033873554
3.3404667706413798
3.3372474708573834
3.4101909002708606
3.438997934470665
3.520851435033391
3.4585677062709337
3.298931442217455
3.403330479974465
3.3867870543192256
3.4698490648046754
3.772694256231057
3.332715446616879
4.188867903989158
3.4878454391616853
3.307839375735237
3.2935307401388996
3.3755184483117233
3.909616970057294
10.507345439930365
9.16112775545712
12.677486190079536
4.602793284370053
3.423219303638855
3.3397706627293555
3.7172522826972694
3.395699550194852
3.9196776656363936
3.476140383192698
3.542129374858357
3.4547177885907896
3.4901715655113468
3.4524103256400904
3.7060150164093857
3.777680808226984
3.843488072575475
3.481531621210107
3.3234704154577868
6.269206120801817
3.592331599397699
3.3934153239045632
3.6403592883026903
3.412570694101272
12.2698097252093
3.9449385702489588
3.3990030704176855
4.27539277399746
3.7655049194672428
3.9305250291534186
3.4514888074922574
3.5670256913201746
3.532077848964059
3.747622869222734
7.860643598052691
4.547777795203591
14.825281669535222
8.559362532468457
14.041532902082139
10.653388564189406
3.493193594082462
3.4745718625564237
3.545378062747325
3.4995994615732844
3.5309055618231744
3.4073810501311232
5.907152015131302
4.731314370002634
3.4863557753182155
3.6061814887896597
3.3828424352797075
3.3444339713584648
3.312898837650976
3.605963741989293
3.505992354732381
4.279893253420249
3.37318745454815
3.5239832332212475
3.7199422320005184
3.905624357143121
3.3128738403619353
3.436900076793561
3.36151016702115
3.521096413229183
3.471862744535426
11.41031007858578
14.189984774616011
11.40757364175427
17.50349941415249
3.4209671453691737
3.482677645671858
3.6132551922587304
4.3820542237318305
4.6316849657617
3.682833459194665
3.3416005346301985
4.490898695899368
4.000069627538998
3.962712831586598
3.4194809177985492
3.7497968700141917
4.3398911012358266
4.228707042644325
3.6645671891522493
3.4644809335955666
4.022122649752804
3.524530191064411
4.1362941843845
4.642832552274342
3.4370954371613403
3.2742980389707803
3.4799699112388263
3.691952260149379
3.951111482091504
3.6882947033042113
3.6253485737292417
3.564503327529452
3.36625627497908
3.858178498982789
3.5880566118913126
3.5116876504040313
3.8422656716286254
3.4108529785174815
3.672799982703972
3.4538864561656415
3.49046389977677
3.733167479735311
3.6244387927725503
3.5275576531121753
3.9376340346164564
3.3011183979154732
3.7001865554286844
3.371341315928996
3.609530549063298
3.5290858474811575
3.4875825901798674
3.6469108166071473
3.3956014483935237
3.3053961394822373
3.3381583811884057
3.365779207072963
19.314571517378848
12.172744127253088
14.91177651559882
9.820777402676985
3.4348651515256616
3.4666338578330125
3.5997263595508393
3.5262167413609595
3.5628317528482363
6.362480188497673
16.006566196360673
10.093794815221273
3.3673955708743817
3.610268094208318
3.5941281177101967
3.521353206733716
3.394076155978586
4.4004265950192405
3.650416249144356
3.834469947646739
3.4882321886870713
3.519504216543093
3.5669883336263997
3.3645297379268313
3.4658820989365386
3.503946780821592
4.07877126205182
3.494122062019083
3.585230301198399
3.5902969556143547
3.6417369868992413
3.4609723913884087
3.3338697263262573
3.4743201707314033
3.5672433837736346
3.2760730351002536
3.56652093467791
4.305646728109338
3.415286650806214
3.600290953498113
3.5993550460911896
3.324691018859392
3.5281304371849034
3.5124355269660126
3.810732715670362
3.444878735006863
3.510027544369479
3.407476984480421
3.800510989543179
3.5966905277363934
3.313358994770396
3.3443582330878217
3.421673574846368
17.172490693690364
14.543214367420495
3.619150775978241
3.566066939522593
3.7059015990563515
3.3859224321784165
3.298589612732406
3.557695068903016
3.5603657246297136
3.4399781707623807
3.537454489350565
4.404281256761518
3.6389325774548333
3.4513736358292846
3.3888586741954123
3.7385084482908146
3.623965838118725
3.3316398973252843
3.5638485438697303
3.3534753628821146
3.607328572994574
3.8927564987339482
4.471278944978192
3.6946193006315706
3.5624833612773896
3.4481959250668375
3.683047693741584
3.5398122096564784
3.471748022282824
3.286367568052982
3.2817955442466715
3.5219961818076966
3.2101075257871994
3.3761371218829286
3.5742956472180505
7.959469723279241
3.999291192388611
3.387002135234057
3.4801451627454236
3.629854226014166
3.566818495508664
3.399075844618827
3.400833209364521
3.746002310166202
13.873167686677728
10.363227712700017
12.659686272693849
17.058542335615222
18.86787882119313
3.3126122020219
3.3234297855907147
3.8096652103538546
3.389831363624668
3.6597409437601813
4.203114567793906
13.838985186714172
10.316981496043848
14.94861133574248
12.778682894818957
16.176113567444652
3.388973335557309
3.2690001311450283
3.649137058907522
3.460232751457932
3.9318212669799233
3.543563967920653
4.824006030300174
12.226993291226034
7.12321252391168
3.5050357021229197
3.5928572650289023
3.6703169591852527
3.335638486777298
3.667849648163556
3.459402553558385
10.700595565866532
17.61244189862655
12.015318295758957
8.220813922139044
3.6982396641857265
3.4012410602101153
3.5739983342546537
3.5356847810033676
5.3685251543534855
3.3821692460922606
3.4820707781295575
7.219826815794894
3.4447182467454818
4.107682882409818
14.72597827397759
13.714582691254744
13.675238245025104
12.912148877969626
17.6133074490617
15.799884359371248
11.527239135150996
16.310848699670473
13.571831337184951
4.580975006669997
4.016297700945003
3.436508457614736
3.389571235988157
3.5589848134507887
3.673946774545782
3.495608808734222
3.5363620467695864
3.5782097794479792
3.4062562542013195
3.4639865681912116
3.522304961276736
4.116394855405507
3.9168422764194246
3.7162415619842886
4.2986299904590055
4.032237485708615
3.8643944313989467
3.5735153655141954
3.4903607278827584
4.2274775951275085
4.088799459810821
3.5919421331158388
3.7251236313991543
3.8516942911161554
3.7072379259098316
14.813989858313544
13.962892145439936
12.045255627230276
9.51547188389999
3.608627236931456
3.6863117520249205
3.583805312838763
3.770377443144274
3.7429819899463324
3.5047295732440347
3.36238901491405
3.209139547294968
3.7552240172780342
3.2442182371966406
3.4294364793829253
3.5996553617805995
3.6514845213629017
3.4405000273463733
4.23384536525934
3.3954464082494917
3.6611339010123745
4.267246475274684
3.1958179829653366
3.488839802441993
3.3988957384603813
3.8418112712366392
3.4988175620696182
4.887474743399895
3.4785188126647353
19.71269699314336
12.171221091424076
4.1545658412704425
3.8458469151112475
3.6717715966583206
3.3767641285701213
3.259360160423884
3.4148081267812156
4.107866248306025
3.5386459777876436
3.382985028986456
3.3564156187048075
3.5668371572896147
11.369255864893198
3.3480528391433255
14.349342985109068
8.798092873776945
11.722134299931035
19.026618956722913
15.721608632162543
4.032822828936949
3.5671024727463845
3.5836869240419027
9.663080898542624
3.717636156750199
4.394542409908461
4.423122891649281
3.803283282406686
3.5234963560852686
3.4334749196052563
3.526384962794791
3.5928440752695048
3.512721921508275
3.5347586558708604
5.179416214181483
3.3596874460953794
3.784118474460435
3.375147884770648
3.765461420399401
3.3092954784031923
3.4281575171382115
4.852713329017556
3.564704449501146
3.7221017901911253
3.520653237074767
3.5733261865152226
3.5771674388060695
3.3718495344974224
4.992908896951269
9.684438729436199
18.870951877299355
14.002015112272026
4.1794216105981885
3.352996675743098
3.476878449231079
11.415652556940723
3.5878507148170193
3.5516018882569798
3.392022459103651
3.7062760284869003
3.546249978823375
3.2986280636435126
3.476865424867488
3.564845012652412
3.3236496928976638
4.209840195342874
14.95726494558306
6.342224158858198
3.464891401235144
3.9726531380366854
3.2488687406325165
3.527286396528425
3.5307619952531
4.376989924218285
3.2745356984088856
5.032657369253403
3.430305698137122
3.7365626627865334
3.8175567174922813
3.482830626825004
3.4675064559475413
3.5823110723972516
3.5587586971078853
3.4533275484193484
3.2018020221021155
3.307059774750262
11.827461313802548
3.4631394863024445
3.57060887377993
20.12850375112708
4.520069450556444
3.541293332214781
3.3536395060957127
3.406604378880144
3.8539704710400144
3.395857511762439
3.5540024854068264
3.4597123854261236
3.335400141435282
3.323113136709683
3.4653142209902916
3.6686812861746483
3.4444371498985498
3.6447937806523987
8.61845141165338
4.40398338909117
3.41420432595098
3.5920080441239954
5.05331267477945
3.999852596014625
3.391052969457701
3.399134092680952
3.4389306789914738
3.4384312335360274
3.570300835843745
3.2038918272951893
3.349195271272458
3.5549291002985823
3.201523848666651
4.40044025621402
10.867150025406058
9.2540085131353
12.942841175200254
10.454537384120549
3.2895722244278107
4.352236724518003
3.33287681044853
6.553340167792317
10.928641036606024
11.031528122552768
8.072459349674613
8.853181208083068
13.139873351995371
15.558480427101173
9.768384102634084
12.555299770229766
3.356925882964485
3.3516052878456777
3.5465176875903217
3.526695776733904
3.7141820336879494
3.998090503510636
5.639774293829154
10.849554241784698
7.614985379437838
11.696930669355801
11.000895267151876
3.850970313483786
3.6329653786833744
11.466779219349355
15.567732545106157
4.074603048752572
3.5950866901149725
10.548191566765514
12.271399211307088
15.909958993730175
11.61709028765291
14.062052243158536
3.6697444115638875
3.346507856239808
3.890733189888109
3.4580804563280814
3.646944919479677
3.299165463593021
3.696998495152722
3.580225883842002
3.722754702427598
5.377097178735654
3.475755020320161
4.224618423842006
3.321953455285785
3.6095177862877197
3.493535944551206
4.4289585714593525
4.729139230099502
4.725190991624737
4.268962982982238
3.510198522962638
3.6930925717831626
3.464812532174876
3.2587200935249907
3.6607486264345814
3.3825684802657054
3.447358472287263
3.362099461835931
8.068528780577092
3.3562438642191927
3.523343129040046
3.6295756932358363
3.3587619412486003
3.4355157625150765
3.351220058615005
3.5750505480520967
3.7835671063587597
3.630265925376208
3.2750083040728564
6.6669286391404174
3.690137769867629
3.580398715305133
3.5942190955960855
3.572533475208444
3.4596888938103056
3.4162751038185455
3.311054845094743
3.5999841263733896
3.552344600128791
3.7854350231677847
3.9230183659479385
3.69825319757648
3.5311036278046712
3.8346614959702396
3.990647799809002
3.395105649416636
3.4475334750632536
3.769980108543424
3.7187357445735936
3.7696030133567433
3.4618035656045802
7.5739729904770225
3.4389601116924995
3.373767079325712
3.236494305899148
3.655164546879269
4.0448327257986
4.869357423435844
3.964298080287116
11.347314721251548
13.340825903678589
3.637907008924941
9.770568258519107
4.054497998025512
3.434476208060461
3.615781416827827
3.4729435729433913
3.761290580826924
3.468037332331285
3.416303323708226
3.6363594494536464
3.3882329510803015
3.645292047536947
4.212532927464085
3.3919709550568453
4.500605893965581
3.335608409308037
3.4963911747288816
3.41039598022921
3.343118063504975
3.3666654436442593
3.2400611689524803
11.428999425731218
3.439738200378787
11.465463294404703
3.6472868074895306
3.555543802686765
3.4535744247341253
3.499244369614222
3.5808535985306174
3.3684021331982184
3.538971256915241
3.277163499495529
3.351237029169618
3.54535530507006
5.960995905909657
11.940410791254003
9.132300015618766
3.5335988323974643
3.6549067323483078
3.595840906653007
15.29461684831388
12.736442723547588
9.11238310314376
17.510975207678147
12.343274142877355
3.6163070124306147
3.3446610379474775
3.3943490210946985
3.6322603782816607
8.602477084566925
8.087483810310296
11.667542984700518
3.844182187001479
3.533514184564
3.600748487578623
3.3965098050856497
3.4385242221723193
3.4218106212584285
3.441355146492454
3.858965651801562
3.5621247777160416
11.60364263368793
3.346440000895818
3.3621150693561117
3.33325829213279
3.437225925506511
3.3175871218091895
3.539804150897751
3.552113992679625
3.706412639562725
4.134867931600979
3.6416643125975137
3.5209772317200354
3.242878502607981
3.5321818333178228
3.3419662742397733
3.5037176189774675
5.218970362162658
4.249678103707447
4.549596043074716
3.428080700505386
4.283429520088296
3.369723556422534
3.601714023772363
3.623112118377728
3.582552025527033
3.2192228730300183
3.766115490606958
3.380182201444077
3.4425827586826863
3.613857058151911
3.7181240836272815
4.235204042192532
3.4780557961288734
4.338060204961414
3.5463375333576033
4.4884869548099005
3.5173641748956097
3.3907556348953847
3.587656284314379
3.856211884614187
4.44251407771371
3.323094850760622
3.576466721492285
3.5203200179767777
3.606206675180162
3.5900222375705426
3.955930240600782
3.513339972096929
3.8884671215169173
3.445161042463681
3.3738555578768636
4.000121001717076
3.4371142471350566
3.300182151989639
3.6442959182595915
3.4418673949261382
3.8024258918010103
3.459077750932341
3.5389810132278168
3.400890027108841
3.3034076845439255
3.4420105073782064
3.4794416665352266
3.350305240724078
3.5946227055283972
3.4578087689287162
3.7808352069232516
4.923655784868746
3.4511157433851065
3.7127181708290404
3.2848326360038422
4.098511237742641
10.593555025263885
3.4816140138861007
3.5630685439078302
6.2704518049025495
10.563909200507771
3.4706520953992825
4.390625771512347
4.629365203305081
3.532571215680134
3.765725087683604
3.60900733110949
4.33585069669119
3.3656399127649506
3.5950709303986805
3.5929173852930267
3.4644208253117714
3.504872666616283
4.397155829273442
3.392025372209478
3.443779104316603
3.6091832067853615
3.2870731531672224
3.703604024041459
3.4848883542584326
3.5913211424363123
3.6717847436565267
3.5963949437317453
5.75982576938215
3.524096821279545
3.558808561270557
3.377069866316776
3.5469201128906316
3.3761310827087727
6.653870231983622
14.652305773291742
10.24568942248003
11.96306209412103
3.7366855746088916
3.355387162931204
3.4005842195485956
3.4889268832613776
3.4536958826550843
3.3983424481285227
3.386772942548533
3.718930951736689
3.288486315974156
3.44092146743617
3.351350675355816
3.378656821154692
3.513599530490813
3.3898442031715756
3.5747619614743584
3.4578519839855075
4.045409215555367
3.891941892867981
3.42228213816748
3.437866371792297
3.630873481365499
3.3886733999416956
3.6375233576851445
3.7060481583012006
3.51166720821121
3.679937447639828
3.9155854155730503
3.745048743327451
3.4094636917529373
3.6176883912853928
4.1619381828840325
3.4197065065695846
3.856280233087711
3.5513281488797466
3.474419197405372
3.4582891749033746
3.5253109284696
3.3500711749666237
3.516192286164297
3.745960621639809
3.4260410664857996
3.842117999373843
3.752578706316253
4.124440274261548
3.719337994000303
3.7503531752036987
9.387364123224172
3.6873114836515377
3.4365975329170295
3.4124089368815396
3.495557888031499
3.3461826596695428
3.4613361988868774
3.4486449085942734
3.381467774416384
3.6579274027808077
6.479459287869157
3.5225794223908045
3.5633339061847247
3.361243939170596
3.8004769664686817
3.7948054556991604
3.2929290411263388
3.3226531746572427
3.214831727372017
3.494393974758774
3.8078028558464974
3.319933561840581
9.204513699283027
11.591616108126697
3.6973928412742327
3.420618838955483
4.081063811605199
3.4552521155997464
3.621992742696327
3.3600237604519263
3.5879269160914937
3.417357389776668
4.520388550573083
3.5484249597622233
3.4900645841863724
3.628729241285888
3.5811993854412876
3.975465222033412
3.46689412474693
3.424355442875968
3.660087295239779
9.796882081891543
16.459528926436764
14.407779827863237
4.509983447144371
4.233148136548643
3.2905203037893154
3.316404066764112
3.3385886742882627
3.317719377328692
3.514201912384851
3.310219756972991
3.479580457245538
3.5488072838546456
3.431993425346744
3.8088739762337744
4.219114263360411
3.7741351409552473
3.8184613771457085
3.501600713862297
3.761455469225765
3.2239336240225036
3.5502434219935317
3.29579904788781
3.3179222478862274
3.683549251697206
3.4816681198927055
3.5263397067124114
3.3991185306020917
3.5332134919238936
3.3410791840105007
4.181093585724707
3.6769981446789397
7.821730848435441
3.523200964508777
3.588727442027148
13.465942787103813
8.652397301940233
4.379147294491444
3.7221840808239626
3.4857083309727033
3.7816807084064
3.3315536531928585
3.3777320028804176
3.6911224318265354
13.487651227723184
13.8100364431465
11.616045897796237
12.827919735993268
3.4612809676171366
3.543761796862664
3.482562362546291
3.571388530478616
3.5353925618940725
4.812374242011774
3.4017722203937457
3.689628060638786
3.3579094197168393
4.718886868284893
3.3130369978948346
3.9486837322979684
3.4397680466452547
3.560905409156377
3.5735673635433685
3.47320972573218
3.9581826155377002
11.003051645483175
10.560637198967093
17.358137805601213
3.424240659736279
3.303473380531552
3.5084028205285858
3.3698671286786093
4.926672292116873
9.79711100556328
11.259457137501533
9.839252610693887
14.02123525847204
18.727599956545593
4.42150913068178
3.448394507350529
3.540878888537573
3.3609259775545315
3.636779677004549
3.4177518868223364
3.5723345827995745
3.4246712648939024
3.3191605748535062
3.4696515519403484
3.357251173467742
3.762160133986442
13.27296966545947
3.676975504770386
3.6582520891696997
3.504659413027419
3.368888438505412
4.447999285121595
3.513503302852846
3.4865335973619356
3.4925090733438884
3.248720211224477
3.4769855152549503
3.5787490772460475
3.679962106809385
3.737751822441494
3.3310628409527885
4.186777041911592
3.555042078811252
3.4311968740752237
3.5077347592582533
3.772027671986457
3.6378332770626143
3.340749591180276
3.7677172232170744
3.4039862255000966
3.761368060385929
3.6887260216903357
3.530489270542196
3.408195553060752
3.510772252946789
3.76326985060863
3.5401811194404553
3.3069807742166324
3.4363713041294837
3.506977360577516
3.3569786098740164
3.2730552056300874
3.4599142958535007
3.383133118804871
3.4639394868445677
3.6974442630867506
3.294793677292901
3.615395376358123
3.55101226815351
3.323568828856652
3.341139046403825
3.7469674409542146
3.496443458657603
3.4919688621907667
3.5810260534759952
3.412406369429857
4.044847613243817
12.863245151278036
16.14055042734411
11.434000050831438
3.439940597754148
3.5126817208858503
3.464094247182123
15.758557445619484
14.886517168817134
12.626475087838335
3.398062777986257
14.878600635843336
15.72695811324921
12.932507481412184
8.915535148706917
3.605201540934371
3.4639220493041583
3.3100525616429444
3.643214062195031
3.284417170151463
5.317844234689327
3.9409415951291664
3.542017449344314
3.3128461097583344
3.666240951783473
3.665944606219311
3.953408881334231
4.058110423327992
3.4369985355451487
3.660909594517648
3.478083644748574
4.062570299823735
3.338879612324743
3.4605568112065135
4.1054061047804
3.3487201217791367
3.2715371569873235
3.4798452102203865
9.877433472110848
16.727695983081635
13.638864915786172
12.505097651490374
3.6432781404121077
6.839248221899185
3.740948182635851
3.4847042153076764
4.365116700866239
3.2718512474932915
3.5380212454147637
3.633867371052527
9.602192579774789
18.727375329180298
11.928602494676415
7.586296629890814
4.350382353904972
3.3942759883016604
3.5150425201502156
3.4484310350243557
5.054415115806922
13.328096046032627
9.351242611998321
3.8696935032112876
13.949095427916925
3.354423027058874
8.884126132457443
3.597529375887542
3.397157776307992
3.491117725422212
4.298546447705013
3.5499319594581378
3.25043185322552
3.4508694263379343
3.431654394843696
3.8074508485777594
3.50598214448361
3.6070627922045126
12.017296343680012
15.306390297879233
3.4049632919467823
3.592925806847429
3.685523350470537
3.427665261794367
3.6729269533925955
3.3912923592976263
3.674845781920684
3.447930922781347
11.113271433502222
3.5478276437808254
4.3770841996885705
3.446961961764126
3.638684841157754
3.426890423843253
3.4536537840043193
3.8795535662901592
17.523355247848066
16.35306478492553
11.124207683018517
9.205450240212492
3.5409876600269747
12.56168068863201
15.649208873308687
3.4393318333678415
3.4732975193176996
3.7665052998886814
3.70572457193544
3.4841305304723984
4.482990678926246
3.4145524056086325
3.4432175366059883
3.6023831402582003
3.734429689411982
3.466518994168048
3.4088300512621483
3.550681335392421
3.938084694505207
3.7107033148935917
3.412794258670305
4.481438255192917
10.232469505941888
12.633703047330549
8.255655371711358
3.2834950942204806
3.7011138010023075
3.3506438557908393
3.5174172087405458
10.434160323512415
12.905833383962985
14.095708782768488
14.84805935994064
17.93513307650407
14.73888864442796
10.142293115548323
12.212400498266842
3.394345879146899
3.548666265116303
3.7216321982456906
7.398892938673901
3.3824059152690573
3.644057777406755
3.3046940239605824
3.4794395336781783
12.35076514662059
3.392387611637707
3.4349238024964848
3.4772627670436025
3.656355804562158
3.3049638971428132
3.5255319290635496
3.621369509151105
3.280056775963593
3.4475401507017507
3.5083947164511953
15.15986868127455
18.931101530773223
15.083800478176816
13.929720022352495
10.174338031003792
9.793122721212699
3.5877486235768514
3.290260667673664
3.740707319288008
3.499110679322423
3.277703305046918
3.7743224326207505
3.37166490824974
3.6865641994551197
3.825228099373118
4.616331049326829
3.444282397559544
21.456345441662805
9.933051277953002
7.016616110165506
3.356830531618945
10.607565589430664
13.546322981622842
3.3540665399759026
6.340117055526376
14.14149648771856
4.0743002940560205
3.6396154042136235
3.7552243732251016
3.4136126822254536
3.343490819756865
4.077273073997694
3.705800304785235
3.391084220388808
3.59770290568997
3.5310678634879946
3.3357363318395326
3.3274528646860135
3.407517861203254
3.569476137184651
3.675848318251094
3.9922444484736674
3.502132509271652
4.140257036320735
3.82725133837583
3.4479761879203075
7.415931009353584
3.7385653408686084
3.514564458210347
3.5402589698937152
4.244036127628377
3.3728350234358433
3.5223187639653903
3.4171938637293633
3.4836830103507146
3.2490997652271636
3.4572575639144736
3.4045625885932624
3.7916404931425625
3.754592443319088
3.257998642891038
3.7031735558026586
3.4500989839646983
3.3736059928861417
3.6287993271224
3.622659412195323
3.43836093573218
3.568058306262663
3.6176089540713185
3.7247069382707956
12.197033513540543
13.271369008040436
15.547750296389033
3.836362404004226
18.832757975257394
7.095054225536437
6.0257970764907025
3.544898221956573
3.5137510398991703
3.9543793440864716
3.4569603698735976
3.5732338368691208
3.487300047382736
3.602189795176213
3.513444468569813
3.7294314231333083
3.428908524098071
3.6853800229760894
3.615956555148805
4.205647049919281
3.3801005645381865
3.3277576793004995
3.5441831109761974
3.4284227092446424
4.0301766116634905
3.455865617397264
3.5829095867486918
3.466844416478594
8.614954877476647
10.091689417918225
11.82350010253877
12.2474858192174
11.64415267442929
10.94994172574611
11.149112630822225
3.3938130138276708
18.121188597483304
3.357540572205263
3.440973436256673
12.37651228318364
3.474277922120979
3.4397411796365986
3.498079797207001
3.9872360679211045
3.422930494587189
4.611678342683162
3.5931327293784237
3.960175378724583
3.6445642408765497
3.5795316077906776
3.347854222415742
3.5730577694370114
3.6944210436537714
3.7840986870136906
3.794913149721684
4.8280981301722115
3.4957859825061437
3.500190878188695
3.926760010209192
3.4795723079089225
4.024215990251629
3.647957758862594
4.070423241563692
4.37733669754576
3.5600177094748835
4.30896593286838
3.5055415322483743
4.320191539691575
3.5177831191598696
14.735177152452387
12.959488456084877
9.54602137388111
10.47057992829156
6.416069355801465
17.03320268135362
3.814223713889358
3.4688407508721975
3.5667746190277376
3.355840011793467
13.492816685216734
15.870251586477453
17.42024253274905
3.4664789814186134
3.5663051134987054
3.472170335574992
3.616670664277499
4.341116344768599
3.9173305420327176
3.4291061326445105
3.4349674499978793
3.3244135762338347
3.366590012593945
3.6021805343227884
3.8638989315941705
3.8632627438802025
4.34172426676993
3.4309005739458103
8.618078477374047
11.036887972680418
3.4602900027444337
3.5200344038594693
3.5270215632573674
3.64795140904617
5.446085186137625
3.438592397433896
3.5997690227414445
3.756238419249715
3.8305329901085523
3.338008605080525
4.01761975379748
3.5324446496361626
7.065911332389077
3.31790063142276
3.712758670565393
3.4552905347351346
8.680013503737772
8.456842477116693
4.322196014044499
3.676432510203882
3.3978136426178196
3.4684239496174154
3.4547046160002948
3.5383527736065394
3.391895445993847
3.38131822012525
3.393211812574485
3.4219900881355216
3.7766924305417047
3.444340342411775
3.7578453264910525
3.330513281981577
12.333509923982751
10.779147569205518
10.779147569205518
