0.03162277660168351 -0.003699508343457186 -0.00207475637382232 
0.03162277660168345 0.062493329269351014 0.07180405262558588 
0.031622776601683715 0.057395928697310084 0.04826566182269123 
0.03162277660168377 -0.003754386329503617 -0.0024552338607714604 
0.031622776601683805 0.007464720094641899 0.03124844560794877 
0.031622776601683805 -0.004357132589902746 -0.0059748785262003475 
0.03162277660168382 0.009198619652580417 0.03151540474358664 
0.031622776601683875 -0.003761955582725113 -0.002577690476855014 
0.031622776601683805 -0.004513979759781144 -0.007245555473664084 
0.03162277660168381 -0.003462951167279602 -0.0013063382975018346 
0.03162277660168379 -0.003952854042295745 -0.003542036098307065 
0.03162277660168381 -0.00362739768673951 -0.0017873717466254295 
0.03162277660168377 -0.0037872838330966214 -0.002634768646430346 
0.03162277660168381 0.007577536344167246 0.035016467678693534 
0.03162277660168377 -0.0035636518447739827 -0.0016615937115343794 
0.03162277660168377 -0.0045360043789304545 -0.0071140650252744025 
0.03162277660168378 -0.004034605370507112 -0.0038606230737113062 
0.031622776601683805 -0.004133594667985914 -0.004443867158909907 
0.031622776601683764 -0.004360275404383842 -0.006077932836861676 
0.03162277660168376 -0.0038268503934170213 -0.0028270411802399933 
0.03162277660168383 -0.0035755466595971818 -0.001525141744763458 
0.03162277660168384 -0.004414569092362761 -0.006315948418198437 
0.03162277660168379 -0.003739314555149927 -0.002461757035226918 
0.03162277660168377 -0.003974895518000797 -0.0035278259204278564 
0.031622776601683826 -0.0035094557861914868 -0.0015810176570432515 
0.03162277660168373 -0.003983358562597007 -0.003518154608245218 
0.03162277660168375 0.1192018751894765 -0.12526445609176168 
0.03162277660168375 0.1192018751894765 -0.12526445609176168 
0.031622776601683805 0.0598338148546929 0.030906462534851926 
0.03162277660168375 0.1192018751894765 -0.12526445609176168 
0.0316227766016838 0.05722328348716726 0.04018605431710889 
0.03162277660168379 -0.003931006865705838 -0.003316627900322232 
0.031622776601683826 -0.0036751668878431025 -0.0019571421650576124 
0.03162277660168385 0.0074779903899917215 0.03152838756137689 
0.03162277660168375 -0.00387225104920449 -0.0029233067809380535 
0.03162277660168386 0.008775334982097099 0.03105978177057897 
0.03162277660168376 -0.0038911512514250364 -0.003313628602846991 
0.031622776601683854 -0.003813668830947296 -0.0026354418648481264 
0.03162277660168385 -0.004290168068383284 -0.005517321563203725 
0.031622776601683826 -0.0037590281476015766 -0.0023841844493286465 
0.031622776601683764 -0.0038044977423364085 -0.0026801438550824595 
0.031622776601683784 -0.003880501371086657 -0.0029608142037797413 
0.03162277660168378 -0.00381489179697001 -0.002593390475401061 
0.03162277660168389 0.006981769617638211 0.035910309859165795 
0.031622776601683805 0.0589425786012655 0.03312724873630662 
0.0316227766016838 -0.00394814271806974 -0.0035857896201722623 
0.03162277660168382 -0.003931729504873127 -0.003306680460810871 
0.03162277660168382 0.007729884143939331 0.031278950752879446 
0.031622776601683826 -0.003582763835118807 -0.001684844088819365 
0.03162277660168376 -0.004355647720039385 -0.005719224484028082 
0.03162277660168385 -0.004038844753390527 -0.0038831285390872826 
0.03162277660168384 0.007790711236787507 0.03099391715073864 
0.03162277660168381 0.06011818530928136 0.030248951009555106 
0.03162277660168375 0.057567742887623397 0.037789836139160406 
0.031622776601683805 0.05833160252427785 0.05386396082106557 
0.031622776601683826 0.05945293318714621 0.05921705043750477 
0.03162277660168375 0.1192018751894765 -0.12526445609176168 
0.03162277660168375 0.1192018751894765 -0.12526445609176168 
0.031622776601683826 -0.003534791580075462 -0.001417408368333554 
0.031622776601683826 -0.0038780368456107508 -0.003168029937445464 
0.031622776601683764 -0.004562273967146354 -0.007192171521012163 
0.03162277660168382 -0.00410276154699245 -0.004201248039295213 
0.03162277660168377 -0.003368257769843511 -0.0010117840789467245 
0.03162277660168376 -0.0035446771340078343 -0.0015222019845736246 
0.03162277660168379 0.007032751922493811 0.03471730532490606 
0.031622776601683826 -0.003890218507941096 -0.0031885755314450706 
0.031622776601683826 -0.004302406626164181 -0.0055809549474115615 
0.03162277660168384 -0.0037099808940012683 -0.0021638145432135783 
0.03162277660168378 -0.0037362899045888507 -0.002235183128070731 
0.031622776601683826 -0.0038473089324560887 -0.002795221064191679 
0.03162277660168384 -0.0038489251299753374 -0.0027527381067881224 
0.03162277660168377 0.00847190332610964 0.030493020756789 
0.0316227766016838 -0.003532606617880364 -0.0016923823922559938 
0.03162277660168383 -0.0039513323057419215 -0.00334077706292992 
0.03162277660168383 -0.004351123464305208 -0.005758404703003735 
0.031622776601683805 -0.0042749700317947234 -0.005251639329284022 
0.03162277660168386 -0.004539819175817569 -0.0070692226501824435 
0.031622776601683784 0.05880555079249546 0.03349019201904262 
0.03162277660168377 -0.0041316198346298015 -0.004498160518287466 
0.03162277660168374 -0.003562180626565762 -0.0016011323138288712 
0.031622776601683826 -0.004019403900581894 -0.0038306730796954765 
0.031622776601683805 -0.004088841184313715 -0.004105678896276206 
0.031622776601683805 -0.003681859330498878 -0.0021234411386798556 
0.031622776601683715 -0.003877699425774615 -0.003157459792595934 
0.03162277660168379 0.05707763770241073 0.042555255041180344 
0.03162277660168378 0.05942487608078823 0.03190393996113059 
0.03162277660168375 0.1192018751894765 -0.12526445609176168 
0.03162277660168374 0.008171099109936556 0.030186682276927234 
0.031622776601683805 -0.004564311368368691 -0.0071024730251770495 
0.03162277660168376 0.007354043239036467 0.03232896093402585 
0.03162277660168384 0.007778400777607379 0.0323840190339484 
0.03162277660168379 0.057068012645335175 0.043981345557791464 
0.03162277660168378 0.0595181826538988 0.03167403348831365 
0.03162277660168375 0.1192018751894765 -0.12526445609176168 
0.03162277660168375 0.1192018751894765 -0.12526445609176168 
0.03162277660168377 0.05706574455708255 0.04380773008126722 
0.031622776601683854 -0.0039718622742615246 -0.003436182160323922 
0.03162277660168385 0.05820391632451599 0.035270799799542944 
0.03162277660168378 -0.0036850434747342053 -0.0023082156693426674 
0.03162277660168372 0.05715712244127808 0.040912758432213536 
0.03162277660168374 0.057139312724600835 0.04116717082517939 
0.031622776601683784 -0.004482200014929911 -0.006652762000783668 
0.03162277660168372 -0.003725351914042841 -0.002402429994523281 
0.031622776601683854 -0.0033723888272195264 -0.001098007498152524 
0.031622776601683715 0.009340980638418109 0.033013860945674066 
0.031622776601683854 -0.0035352536567177443 -0.0013870736742525689 
0.031622776601683784 -0.004227071717962615 -0.004978188730063138 
0.031622776601683805 -0.004324872275242563 -0.005746588158567971 
0.03162277660168375 0.1192018751894765 -0.12526445609176168 
0.03162277660168376 0.05707691255176863 0.044323131103035186 
0.031622776601683784 0.05724023222587756 0.040033957095113926 
0.03162277660168375 0.1192018751894765 -0.12526445609176168 
0.031622776601683805 0.058258894762038035 0.05347296535928628 
0.03162277660168381 0.006935715219940684 0.03625438015070082 
0.03162277660168381 -0.0036450818703132556 -0.0020215016939083494 
0.03162277660168372 -0.0039076095983418225 -0.0035369467218977248 
0.03162277660168378 -0.0044732375168317655 -0.0067043421198998455 
0.031622776601683826 -0.003641772038560211 -0.0021600489850558346 
0.03162277660168375 0.1192018751894765 -0.12526445609176168 
0.03162277660168375 0.1192018751894765 -0.12526445609176168 
0.031622776601683764 -0.003786133907959927 -0.0025123640437314542 
0.031622776601683826 -0.00397056330134024 -0.00346265650337291 
0.03162277660168375 -0.0038483369099414646 -0.003032361611887975 
0.031622776601683854 0.008175435670145371 0.030395206346220338 
0.03162277660168383 -0.004290139245031334 -0.005670524870423766 
0.03162277660168379 -0.003791423366800034 -0.002492267953822061 
0.03162277660168382 0.009410180952622584 0.031480854128043356 
0.03162277660168376 -0.003615535320228303 -0.002010066587457432 
0.03162277660168381 -0.003549456687877045 -0.001678014298639144 
0.031622776601683764 -0.0034320736656165336 -0.0012231500103517914 
0.03162277660168377 -0.004334970519341169 -0.005786488671269261 
0.03162277660168375 -0.0036695157763555284 -0.0018860641212328536 
0.03162277660168377 -0.003952103693263353 -0.0033898349423143776 
0.03162277660168378 -0.004157559265454492 -0.004509793949629396 
0.031622776601683784 -0.0036514491899570195 -0.0018273408003863184 
0.0316227766016838 -0.004439416249600086 -0.006394139095954772 
0.03162277660168375 -0.003941344635748672 -0.0033321098043119068 
0.03162277660168389 -0.0041395818873875044 -0.004444495712710023 
0.03162277660168382 -0.0035799074019410354 -0.0016228514291328835 
0.03162277660168386 -0.004022954211488973 -0.003964263057854778 
0.03162277660168375 0.008050021481978165 0.030117442600777884 
0.03162277660168373 -0.0037751199912244237 -0.002580255797329447 
0.03162277660168382 0.007469740201902071 0.03365621202000505 
0.03162277660168376 -0.003960147362008459 -0.0033965255355325585 
0.03162277660168376 0.007449943118504482 0.03131121259507789 
0.0316227766016838 -0.00376574946226652 -0.00255753413677987 
0.031622776601683764 -0.003821639440499195 -0.0030051580688335664 
0.031622776601683764 0.00742570024455647 0.03134496799516035 
0.03162277660168382 -0.004168172933589214 -0.004576133401039741 
0.03162277660168384 0.008983485635435818 0.03129429239864969 
0.03162277660168372 -0.004003429642786741 -0.003608135115410541 
0.031622776601683784 -0.003936795863706758 -0.003522079552700869 
0.03162277660168379 -0.004169242893920906 -0.0045545952097256195 
0.03162277660168386 -0.0038118198663274687 -0.002653188672726921 
0.03162277660168377 -0.004397479601991797 -0.006046731917537194 
0.031622776601683736 -0.0039236009060445946 -0.0033565606403857576 
0.031622776601683854 -0.00363215370384457 -0.0017332542469922732 
0.03162277660168382 -0.00466470452350389 -0.007960769103207794 
0.03162277660168386 0.008973333135832096 0.030938598688828527 
0.03162277660168375 0.1192018751894765 -0.12526445609176168 
0.03162277660168379 -0.0043045879923678445 -0.005394264274597435 
0.031622776601683736 0.0077791467494890765 0.03010097572889377 
0.03162277660168378 -0.004024925497626 -0.004229909955342977 
0.03162277660168381 -0.0041306715006396485 -0.004597732130997227 
0.03162277660168379 -0.004068389934249641 -0.004285480460092094 
0.03162277660168377 -0.0037410092813318376 -0.002399694530594125 
0.03162277660168378 0.008350732026238084 0.030302847873180463 
0.03162277660168385 -0.003410535063250932 -0.0010147754601430663 
0.03162277660168387 -0.0036426020962417533 -0.001904102857492084 
0.031622776601683805 -0.004086048599937904 -0.004070676161291112 
0.03162277660168373 -0.003989049421990343 -0.003909953752077002 
0.03162277660168377 -0.003536877750370139 -0.0016940435024517214 
0.03162277660168377 -0.003858523294038295 -0.0029108705100805658 
0.03162277660168377 -0.0034286389937079136 -0.0010649393607121771 
0.031622776601683764 -0.004292382023816531 -0.005402757960324044 
0.03162277660168387 -0.0038581882385554317 -0.002867228593209374 
0.031622776601683875 -0.003607837350277435 -0.0016879454117097244 
0.03162277660168379 -0.004257576036576672 -0.00509078607539777 
0.031622776601683805 -0.003951625022972855 -0.0037439044162046364 
0.031622776601683805 -0.003739214928628414 -0.0023678001542138537 
0.03162277660168375 -0.0038136191482231727 -0.002594752953398707 
0.0316227766016838 -0.003537750713217489 -0.0013786189929142511 
0.03162277660168388 -0.003663284386514888 -0.0021187816896207834 
0.03162277660168372 -0.0038133410832614026 -0.002617801890478989 
0.03162277660168383 -0.004002279019431892 -0.003696447867605666 
0.03162277660168376 -0.003718992808979091 -0.002333436873925058 
0.031622776601683826 -0.0043724210361453875 -0.0058247545809740455 
0.031622776601683764 -0.004296983635571432 -0.005477182675290211 
0.03162277660168375 -0.0040350876627955785 -0.004019327861313961 
0.03162277660168379 -0.004007001447188166 -0.0037778882980109363 
0.031622776601683764 0.007861174514977068 0.03071567239190227 
0.03162277660168382 -0.004099386406530207 -0.004311983637588881 
0.03162277660168382 -0.0038839991433545127 -0.003251137376577396 
0.03162277660168373 -0.003630330391989972 -0.00174363899565726 
0.03162277660168387 -0.00374460265982001 -0.0025359372993675553 
0.03162277660168376 -0.003522263024499691 -0.0017690811213121097 
0.03162277660168382 -0.003685185804374678 -0.0021313326647261813 
0.03162277660168381 -0.003727826490309623 -0.0022869273651840486 
0.0316227766016838 -0.004385722545978871 -0.006380131708833628 
0.03162277660168374 -0.0039267119541823384 -0.0032685028616539053 
0.03162277660168381 -0.00393832487549584 -0.003377306259540077 
0.0316227766016838 0.05724877200963706 0.03996077534866815 
0.03162277660168378 0.007844136345404783 0.03277589000704869 
0.03162277660168378 -0.003946659421067293 -0.0033535137714682892 
0.0316227766016838 -0.004067017620295205 -0.004106041121360358 
0.0316227766016838 0.008904780044455673 0.031307726013072516 
0.03162277660168379 -0.003861134109993915 -0.0030182274542404166 
0.03162277660168384 -0.0037066722337883154 -0.002071044055363657 
0.031622776601683875 0.007970306389362265 0.030264529344905016 
0.03162277660168384 -0.003911509915872013 -0.0031405615202655447 
0.03162277660168378 0.007880099690111044 0.03196926240635226 
0.031622776601683826 0.008638574415193416 0.030572711587174676 
0.0316227766016838 -0.004000074837760845 -0.0038508500791083196 
0.03162277660168375 -0.0037884706744430157 -0.0027324412398358304 
0.03162277660168377 0.05889191615236959 0.05668162443382627 
0.0316227766016838 0.057074370414515505 0.044235206303254546 
0.0316227766016837 -0.004017087198560627 -0.0036662899974823884 
0.0316227766016838 -0.003570951243686551 -0.0015633253071938476 
0.03162277660168375 -0.0034347166111905114 -0.0011018789585652265 
0.031622776601683805 -0.003988466905511466 -0.0036982353172539495 
0.03162277660168383 -0.004283062401338021 -0.005270504337586405 
0.031622776601683805 -0.0035943487160309006 -0.0020634159845884514 
0.031622776601683784 -0.003656496112606674 -0.001926818077922073 
0.03162277660168382 -0.003520707815823018 -0.0015099418648396958 
0.0316227766016838 -0.003680135055307668 -0.0020341115114820263 
0.031622776601683826 -0.003860113868785025 -0.002875225621354944 
0.031622776601683764 0.006943660658083765 0.036008578024394645 
0.0316227766016838 -0.0036080824336419174 -0.0019688565696300907 
0.031622776601683875 -0.0041311114306734256 -0.004468898788864029 
0.031622776601683826 -0.004094169090857329 -0.004191307027816527 
0.03162277660168375 -0.004527779137783891 -0.0069943669925772506 
0.03162277660168379 -0.0034874207474333598 -0.0014550457008949285 
0.03162277660168377 0.0075317231716300215 0.030517402219352507 
0.031622776601683805 -0.004149302885738756 -0.004718675181769877 
0.03162277660168382 -0.003916860741193731 -0.0032646735746213263 
0.03162277660168379 0.007733758814831921 0.030174617422685897 
0.031622776601683805 -0.0038473506699627123 -0.002752630512143413 
0.0316227766016838 0.007678818799223573 0.03521949327854703 
0.031622776601683854 0.05706557698489981 0.04378514752177613 
0.03162277660168386 -0.0039030453598500664 -0.0032073363229094373 
0.0316227766016838 -0.0048173871242373585 -0.008916600377304289 
0.0316227766016838 0.00777511458028175 0.030102771021326146 
0.03162277660168371 -0.004818026716533121 -0.008952061081322722 
0.03162277660168381 -0.004112693577332774 -0.004441750680434213 
0.03162277660168384 -0.004238721454732175 -0.005137596393711923 
0.031622776601683854 -0.004027951807907883 -0.003932514244770764 
0.03162277660168377 -0.003843593405400643 -0.0031241766221805373 
0.03162277660168377 -0.004385715840126156 -0.006082907415220552 
0.031622776601683826 -0.0037014648556763607 -0.0020293402930897063 
0.03162277660168383 -0.0033996915712744295 -0.0010126727168992622 
0.03162277660168381 -0.0036451015875636917 -0.0020996458206573817 
0.031622776601683764 -0.003858810386957612 -0.0032749217781177647 
0.031622776601683826 -0.0037249167645171583 -0.0021588505585004377 
0.03162277660168384 -0.004201821011023564 -0.0047610039877549575 
0.03162277660168385 -0.004491092132482818 -0.00666228300983544 
0.03162277660168374 -0.0035704160398191804 -0.0015550387978124024 
0.03162277660168378 -0.0035903302215812426 -0.0019016187407432026 
0.031622776601683826 -0.003926056842268872 -0.003234055837894142 
0.03162277660168382 -0.0033413408556821457 -0.0008556774074726454 
0.03162277660168381 -0.003939537288498042 -0.003243620125688993 
0.03162277660168376 0.05729275282931755 0.04736778804767532 
0.03162277660168378 0.0593890372775724 0.03199295466338518 
0.03162277660168375 0.1192018751894765 -0.12526445609176168 
0.031622776601683764 0.05807304683821499 0.05247206099944863 
0.03162277660168383 0.05834360670404777 0.03482634109125067 
0.03162277660168386 0.05755826677748839 0.037838748585128604 
0.03162277660168377 -0.00413291319703307 -0.004537489344446206 
0.031622776601683826 -0.00426413242081115 -0.005412451625247072 
0.03162277660168372 -0.0035959349107946206 -0.001734268563205604 
0.031622776601683784 0.0570664166960802 0.0432888179541277 
0.031622776601683764 -0.004693276588215198 -0.008117204939264686 
0.03162277660168386 -0.0037065627463581307 -0.0021986329008542023 
0.03162277660168374 0.009189093080539269 0.033005619886247776 
0.03162277660168378 0.007103280691268857 0.03274356684445295 
0.03162277660168377 -0.00436251837115774 -0.005938400261771285 
0.03162277660168383 -0.00499813236997684 -0.010458221362081077 
0.03162277660168383 -0.004114206667449717 -0.004258647845190307 
0.03162277660168373 -0.003826444831405256 -0.0027065877273473003 
0.03162277660168381 -0.0038933943511512852 -0.003065441520569698 
0.03162277660168379 -0.0036915565540673488 -0.0021833040710069595 
0.03162277660168384 -0.004042032871204182 -0.004095946297525992 
0.03162277660168381 -0.004091195757930583 -0.00437125810957899 
0.03162277660168376 -0.004103845335886095 -0.004225931621722909 
0.03162277660168382 -0.004616809444068788 -0.007445350133629343 
0.031622776601683826 0.008477930628140713 0.03198849226680966 
0.03162277660168383 -0.003668787995812421 -0.002177793166873657 
0.0316227766016838 -0.0035774619852981847 -0.0017201249246033142 
0.03162277660168377 -0.003981094844864032 -0.0038510714325149945 
0.031622776601683784 -0.004165080735834172 -0.0045659179946843384 
0.03162277660168385 -0.0037944545878914365 -0.0027233602092149446 
0.03162277660168378 -0.0038981719273371183 -0.0030339161979408354 
0.03162277660168384 -0.003647455045170432 -0.0020732092080265677 
0.03162277660168379 -0.003916548677768654 -0.0034958531587949 
0.03162277660168381 -0.0041167618461661094 -0.004489530596254943 
0.03162277660168378 -0.00397571417304037 -0.003542259185727614 
0.031622776601683805 -0.004066961391470506 -0.003950382990452884 
0.03162277660168379 -0.004278797158162104 -0.005267159955705346 
0.031622776601683784 0.007236386493928575 0.03178475221723336 
0.03162277660168378 -0.004009434480616151 -0.00391849370173393 
0.03162277660168385 -0.003827027770925999 -0.002733702302793311 
0.03162277660168382 -0.004435891937140685 -0.006304730976876121 
0.031622776601683784 -0.004284146064432413 -0.005286291956983061 
0.03162277660168381 0.008791401950559696 0.030812703355506312 
0.031622776601683826 -0.00381195575890842 -0.0028494092413351288 
0.03162277660168374 0.05822420591530413 0.05328622894755032 
0.031622776601683805 -0.003680876114875523 -0.0021540675785846567 
0.03162277660168372 0.009654357924671243 0.0318871956227693 
0.03162277660168376 -0.0039780280356113895 -0.0037247396964198796 
0.03162277660168378 -0.004237433574813531 -0.0049742887450634115 
0.03162277660168386 -0.003582972401831918 -0.0015547252101952326 
0.0316227766016838 -0.0035755560360797006 -0.001674525507895695 
0.031622776601683826 -0.0039032659790236147 -0.0031613618225877086 
0.031622776601683764 -0.0043601642598298206 -0.005792481500932878 
0.03162277660168387 -0.0040522960220456886 -0.004351784569226583 
0.03162277660168378 -0.004173796158929871 -0.004669858692070802 
0.03162277660168385 0.007604828203784429 0.03445950532102814 
0.03162277660168384 0.008005686386942488 0.031089776696553426 
0.03162277660168379 -0.003918031922304975 -0.003175613108040838 
0.03162277660168377 -0.0037129122086633844 -0.0021299885663931925 
0.03162277660168374 -0.00371297579980322 -0.002082758054606661 
0.03162277660168375 -0.0036374245733591264 -0.001816005258180811 
0.031622776601683764 -0.004095927094350262 -0.004142836031589676 
0.03162277660168374 -0.0036457189680809635 -0.0018185929971490675 
0.031622776601683805 -0.0037037161591474015 -0.0020712535416768487 
0.03162277660168378 -0.004043373468473922 -0.004227391344789302 
0.031622776601683784 0.008178228929211061 0.03043356329748141 
0.031622776601683826 -0.003782151267272849 -0.002501850797255177 
0.03162277660168382 -0.00446422901870588 -0.0064522120025357526 
0.03162277660168379 0.007563674105497125 0.03146968138678603 
0.0316227766016838 -0.003813376440305337 -0.002742529751488319 
0.031622776601683826 0.00840519250337867 0.03164005149588579 
0.031622776601683875 0.06031513757201399 0.06307641769627342 
0.03162277660168382 -0.003743613761581784 -0.0023261401023263466 
0.0316227766016838 -0.00364968857367811 -0.00200893939956465 
0.03162277660168379 -0.0034485623063153733 -0.0011672845906757084 
0.03162277660168378 -0.003934734695837705 -0.003461290227370894 
0.03162277660168385 -0.0035356593373204546 -0.001497917262816914 
0.031622776601683805 -0.00402010697249242 -0.003698288404155918 
0.03162277660168381 -0.004355780691377326 -0.005823608898570829 
0.031622776601683784 -0.003989405431105133 -0.0037158328016797426 
0.031622776601683805 -0.003608086790919875 -0.0016401250957278814 
0.03162277660168377 -0.004177385307836589 -0.004654344262121169 
0.03162277660168382 -0.0036286812197425305 -0.0020382263343281058 
0.031622776601683875 -0.004202527706387662 -0.004957107722292757 
0.03162277660168378 -0.003703398371059755 -0.002300878498622017 
0.031622776601683826 -0.003650346388006357 -0.0019536542284001707 
0.03162277660168384 -0.004475511980358418 -0.006598620810113965 
0.031622776601683805 -0.0034258838980080904 -0.0010965983808825057 
0.031622776601683826 -0.004460712733983 -0.0066678668700820495 
0.03162277660168385 -0.003970038654771127 -0.003561272677297867 
0.031622776601683784 0.0576113491685117 0.037567264005810196 
0.031622776601683736 0.05728424652218391 0.03966007928492432 
0.03162277660168379 -0.003635665991991241 -0.002219454761352558 
0.03162277660168377 -0.004136826179048995 -0.004601534089650325 
0.03162277660168375 -0.003646851630983856 -0.0019374757351791698 
0.03162277660168384 0.05708201851462141 0.04448156273618457 
0.03162277660168375 0.1192018751894765 -0.12526445609176168 
0.03162277660168375 0.1192018751894765 -0.12526445609176168 
0.03162277660168384 -0.0035176894539341156 -0.0014199508989315725 
0.03162277660168384 -0.0035792076505942088 -0.0016857952617362424 
0.03162277660168375 0.058614304738998445 0.055331230407617955 
0.031622776601683805 -0.0036942468878826368 -0.002014836897745833 
0.03162277660168378 -0.0038139188259228357 -0.0027560824828700135 
0.03162277660168378 -0.003958455818103981 -0.0033469861911325153 
0.03162277660168386 -0.004151862776773871 -0.004659116099542782 
0.03162277660168376 -0.0036031131803607635 -0.0016717877079153438 
0.03162277660168379 -0.004153044651360742 -0.004490739366286093 
0.03162277660168385 0.007881041581002573 0.032207730594642034 
0.03162277660168382 -0.003944117023596876 -0.003285487599910656 
0.03162277660168372 -0.004149034297934096 -0.004909307382513758 
0.03162277660168382 -0.003505345792998291 -0.001749128548314973 
0.03162277660168372 -0.004060840692171494 -0.004093459081153611 
0.03162277660168374 -0.003913231831951049 -0.0032873109491829925 
0.0316227766016838 -0.004431227904946124 -0.006428352010879529 
0.03162277660168375 0.0570706409995992 0.04410528916089133 
0.0316227766016838 0.008347117324546202 0.03493609892166699 
0.031622776601683784 0.059915488989222485 0.030713483155992472 
0.031622776601683784 -0.003859786393332769 -0.0028107462437634706 
0.0316227766016838 -0.004636331161541589 -0.007761253751928743 
0.03162277660168378 -0.004285359557284542 -0.00536465240502477 
0.03162277660168381 -0.004156846876514804 -0.004505468006992175 
0.03162277660168381 -0.00462540814854834 -0.0076185856756333225 
0.03162277660168377 -0.004086894144965466 -0.0044033558771974365 
0.03162277660168385 -0.003995473933507414 -0.003614600654688911 
0.03162277660168383 -0.004202545026528249 -0.004756336569209237 
0.03162277660168385 -0.004055828531735209 -0.0039434310611983795 
0.031622776601683764 -0.0038332130379441125 -0.002720131868082144 
0.031622776601683805 -0.004557677465756224 -0.0073836952235795126 
0.031622776601683736 -0.004001162376856694 -0.003716421156306663 
0.03162277660168376 -0.004132804683964619 -0.004570509914281589 
0.03162277660168379 -0.003987804971801086 -0.0036275814299289197 
0.03162277660168378 -0.0037969993544602603 -0.002529243558446871 
0.03162277660168374 -0.004349715598369772 -0.005672573128297477 
0.03162277660168375 0.009029481719538253 0.03160951015472189 
0.03162277660168376 -0.003950604273702705 -0.0034340252227375878 
0.031622776601683764 -0.0044845294027438315 -0.006729067684112752 
0.031622776601683715 -0.00381214577546962 -0.0027021495026236264 
0.03162277660168379 -0.0038380267821975346 -0.0027743759909508964 
0.03162277660168381 -0.004754359428912756 -0.008449960098706943 
0.031622776601683805 0.05710280627845571 0.0449916786929808 
0.03162277660168379 0.05717479969428187 0.04068929825454078 
0.031622776601683826 0.05720751856419138 0.040336072511169246 
0.03162277660168381 0.05805679431811108 0.052384045198547606 
0.0316227766016838 0.057595657616739106 0.049658295893663947 
0.03162277660168375 0.1192018751894765 -0.12526445609176168 
0.03162277660168379 -0.003904921483791795 -0.003188139213402841 
0.03162277660168374 -0.0037754295070411017 -0.0030546477792332246 
0.03162277660168375 0.1192018751894765 -0.12526445609176168 
0.031622776601683805 -0.0038120836825170645 -0.002598824945942629 
0.03162277660168378 0.06246842572228387 0.07170917797231328 
0.03162277660168384 -0.004307742599059276 -0.005443479480104335 
0.03162277660168378 -0.0039165283482363 -0.0033457226407210207 
0.03162277660168379 0.007690607668461888 0.0301902052229366 
0.03162277660168386 -0.003516514556259536 -0.0014042337464849578 
0.03162277660168381 -0.003919165956844776 -0.0034107516236271964 
0.03162277660168379 0.05709231942337341 0.04209786978188986 
0.03162277660168383 0.05720080334428176 0.040402125117840366 
0.031622776601683764 0.05714247536232412 0.04112052014835528 
0.03162277660168377 -0.004048232431409138 -0.004004694848654769 
0.0316227766016838 0.057557632033221895 0.04941386256264938 
0.03162277660168385 -0.004075506326161278 -0.004130907212749422 
0.03162277660168379 -0.004929944218062414 -0.009866308870608177 
0.031622776601683805 -0.0041860615434447445 -0.004811639567841078 
0.03162277660168371 0.007565381802385285 0.030807525093853358 
0.031622776601683736 -0.004093769638806395 -0.004207322499250382 
0.0316227766016838 -0.0038489482995285665 -0.0028277200059429173 
0.031622776601683826 -0.003941847919859527 -0.0035265901490549117 
0.031622776601683805 0.008138487759333393 0.03152003846104121 
0.03162277660168383 -0.003389339838003074 -0.0010172910635975582 
0.03162277660168385 -0.0041027507727128066 -0.0041600727590945874 
0.031622776601683784 0.00745391581611506 0.030742555513102312 
0.03162277660168382 -0.0037983698066493903 -0.002824352926952131 
0.031622776601683715 -0.0037239891405520184 -0.0021656680953971545 
0.03162277660168383 -0.0034992014273893947 -0.001349717906830102 
0.031622776601683854 -0.004488424314284246 -0.006718956516422243 
0.0316227766016838 -0.0036090680366984928 -0.001836964883138942 
0.03162277660168377 -0.003733264606821596 -0.00234247611705556 
0.031622776601683784 0.05862667230891502 0.05539331528475474 
0.031622776601683784 0.0578674221874798 0.05130445152905471 
0.03162277660168375 0.05783309440185405 0.036583407288375364 
0.03162277660168375 0.1192018751894765 -0.12526445609176168 
0.03162277660168375 0.1192018751894765 -0.12526445609176168 
0.031622776601683764 0.007036082010883191 0.037752046360844956 
0.031622776601683826 -0.004660867725549923 -0.008010153433957513 
0.03162277660168375 0.1192018751894765 -0.12526445609176168 
0.03162277660168378 -0.004005044851453955 -0.003789936069451522 
0.031622776601683895 -0.003644740073086852 -0.0019484813303849312 
0.03162277660168375 0.1192018751894765 -0.12526445609176168 
0.03162277660168375 0.05771572952785829 0.050397182528213645 
0.03162277660168376 0.057143154475462435 0.041110743659614965 
0.031622776601683854 0.008277151469509152 0.03186998716216581 
0.03162277660168377 0.05706526823237087 0.04372363281453377 
0.03162277660168382 -0.0042328931339956355 -0.004980467746716136 
0.03162277660168382 -0.003712220248987872 -0.002101804045675668 
0.0316227766016838 -0.003984675275412869 -0.0037448036604130147 
0.031622776601683764 -0.003803657144880878 -0.002655870821901482 
0.03162277660168387 -0.004203445305777198 -0.004768872143146746 
0.03162277660168385 -0.0040886502301596935 -0.0041645094603699525 
0.031622776601683875 -0.003878950754088663 -0.003284081251472791 
0.0316227766016838 -0.0036326662422950322 -0.0017521054773030637 
0.03162277660168378 -0.00403181681886446 -0.0038175303738063877 
0.03162277660168381 -0.003935980596270692 -0.0036563997798848705 
0.03162277660168377 0.057321182007427716 0.04762895880807963 
0.03162277660168379 -0.003919023973949768 -0.0035049000173888165 
0.03162277660168378 -0.00407260347004394 -0.004107422348828226 
0.03162277660168379 -0.003916215045966853 -0.0031707854854821 
0.03162277660168375 0.05721877600978367 0.040228479533129594 
0.03162277660168375 0.1192018751894765 -0.12526445609176168 
0.031622776601683764 0.05718378200908045 0.04621439619042838 
0.0316227766016837 0.058788298383594166 0.03353637566966518 
0.031622776601683784 -0.003938492210389596 -0.003373053583178569 
0.031622776601683805 -0.003629183711675887 -0.0019499360485641635 
0.031622776601683764 0.006993038175526006 0.0373825254328267 
0.03162277660168387 0.057339781640110526 0.047794964437497804 
0.031622776601683826 0.057067855257712644 0.04314097217249164 
0.03162277660168377 -0.0043319684225089855 -0.0056817838130252965 
0.031622776601683784 -0.003749835275259988 -0.00237601795171496 
0.0316227766016838 -0.0040561852055609835 -0.003977583529754821 
0.0316227766016838 -0.004010388180931932 -0.003915991188692707 
0.03162277660168376 -0.003769606518641138 -0.002359591063748065 
0.03162277660168378 -0.0037528183520691492 -0.002629235294744614 
0.03162277660168377 -0.003936143432198813 -0.003407493069204211 
0.03162277660168382 -0.003667066125959625 -0.0020633320346926205 
0.03162277660168379 -0.003925193102344269 -0.0031901050332008574 
0.031622776601683805 -0.003947886316455113 -0.0037803831087515638 
0.03162277660168376 -0.004414163502558011 -0.0063052307506715755 
0.03162277660168379 -0.003931650418753632 -0.0032755069774745797 
0.0316227766016838 0.00702730244097743 0.03406799660833365 
0.03162277660168381 -0.0039313085859785804 -0.0033807063471751986 
0.031622776601683784 -0.003722714293081534 -0.0023530949914382635 
0.0316227766016838 -0.0039033866976315667 -0.0032258334093997983 
0.03162277660168382 -0.004234842075604583 -0.0050686392950636565 
0.031622776601683784 -0.0036013176472908495 -0.0016488812424827952 
0.0316227766016838 0.007801221789550377 0.0314533603306036 
0.03162277660168382 -0.0045486993043011206 -0.007199708100598461 
0.03162277660168381 0.007686063662856606 0.03044392634577455 
0.0316227766016838 -0.0038035212750257962 -0.0026374399084436984 
0.03162277660168381 -0.0038104266196972935 -0.00257104380513591 
0.031622776601683826 0.057620365018650296 0.037522594058644665 
0.03162277660168382 0.05740985672951675 0.038715276247694226 
0.03162277660168374 -0.0038157698881641183 -0.0027524648418812974 
0.031622776601683826 -0.0037897900346165808 -0.002563318569095475 
0.03162277660168379 -0.0035231881696405195 -0.001587317502743909 
0.03162277660168376 -0.00404343728454561 -0.00399199214713505 
0.03162277660168379 -0.003864993590551298 -0.002911623379644355 
0.031622776601683764 0.05788909815077427 0.036365303369621314 
0.03162277660168384 -0.004680737171730002 -0.008043813934503964 
0.031622776601683784 -0.004333666220444556 -0.005689912257380075 
0.03162277660168382 -0.0034777885616159143 -0.0013229186465223296 
0.03162277660168379 -0.003902430483594908 -0.0030730019725539854 
0.031622776601683764 0.008222224108830634 0.036695157875870486 
0.03162277660168381 -0.0036067477703480527 -0.001781115474258899 
0.031622776601683764 -0.004225073880092374 -0.004926343070238394 
0.031622776601683805 -0.003320361997800239 -0.0008663208231572745 
0.031622776601683764 -0.004275252958392388 -0.0056108039395847955 
0.03162277660168382 -0.0037069049570248756 -0.0020914837676776995 
0.0316227766016838 -0.003905501105165656 -0.0031205528141290584 
0.031622776601683805 -0.003670668194891206 -0.001895190358967238 
0.031622776601683736 -0.0039710226062687525 -0.003551098824448343 
0.03162277660168387 -0.004792073191781946 -0.009003146249720153 
0.031622776601683736 -0.0037242486009008784 -0.0023851528085947057 
0.03162277660168379 -0.0037769004123797524 -0.0026215562305689213 
0.031622776601683805 0.008654149330474656 0.031917993096726154 
0.03162277660168382 -0.004147097003607185 -0.004691650059776636 
0.03162277660168385 -0.003846092935014933 -0.003055250574301363 
0.031622776601683805 0.05774050766688968 0.03696571615437839 
0.03162277660168375 0.1192018751894765 -0.12526445609176168 
0.031622776601683826 0.05713025050791124 0.04130723156944933 
0.03162277660168375 0.1192018751894765 -0.12526445609176168 
0.03162277660168382 -0.0037411295634520053 -0.002337738144583809 
0.03162277660168377 0.007661433062507315 0.035565111697333195 
0.03162277660168382 0.05788744305960376 0.036371623426423805 
0.03162277660168383 -0.004453496870002794 -0.006343935487189148 
0.031622776601683784 -0.004021146047217973 -0.0038596037457243513 
0.0316227766016838 -0.0046688099240568635 -0.007983732836149497 
0.03162277660168379 -0.00373093992821336 -0.0026903208854981877 
0.031622776601683784 0.008423527562143514 0.03037529515089635 
0.03162277660168377 -0.004774854046110365 -0.008789832786119946 
0.03162277660168379 -0.004071280549688814 -0.0039746227244175135 
0.0316227766016838 -0.004193620966702778 -0.004766725545187439 
0.031622776601683805 0.008060372456766924 0.030790123678970303 
0.03162277660168383 -0.003408463522731661 -0.0010170680630457805 
0.03162277660168376 -0.003980465666162982 -0.003516646787361395 
0.031622776601683826 -0.004657725777369759 -0.007944655994090015 
0.031622776601683805 -0.004235263203463527 -0.004968004355193831 
0.03162277660168377 0.008402169901788529 0.030344954118772072 
0.03162277660168376 -0.0040411411737265035 -0.003920451721830975 
0.03162277660168382 -0.0043004737175634964 -0.005533202650996542 
0.03162277660168378 -0.0041539361297957015 -0.004515940483664256 
0.031622776601683826 -0.003970768940103991 -0.0035913425060591533 
0.031622776601683764 -0.0033784135914875853 -0.0009558264088770413 
0.03162277660168377 0.009136682977619699 0.0312554305900355 
0.031622776601683784 -0.004158058396078014 -0.004503340628575804 
0.031622776601683764 -0.0037885237745697085 -0.0026591690949361074 
0.03162277660168379 0.0579400898105078 0.05172626906255681 
0.03162277660168383 -0.0038220261352081963 -0.0026205764152458055 
0.03162277660168383 -0.003514071049830124 -0.0013764598750700579 
0.031622776601683875 -0.0038598857104802996 -0.0030788352671768096 
0.03162277660168384 0.05838870016106149 0.05416871367893647 
0.031622776601683826 -0.004160391985138223 -0.00458062203839526 
0.03162277660168375 -0.004719966757746393 -0.008246637460864056 
0.031622776601683826 -0.003683351731234415 -0.0019780825872525824 
0.031622776601683805 0.059001802869968735 0.032972826630927196 
0.03162277660168385 0.05738081022272546 0.03891170442191333 
0.031622776601683784 0.06057122758101208 0.029254685732032038 
0.03162277660168376 -0.0034731044462970777 -0.0013930344057966509 
0.03162277660168383 -0.003933672345509868 -0.0032651875866829775 
0.03162277660168384 -0.0037185366741914884 -0.0023374175347651324 
0.031622776601683826 -0.0036895206609740077 -0.0019847669156345176 
0.03162277660168379 -0.0037060891631434645 -0.0020559205374070097 
0.03162277660168376 -0.0037504628805993456 -0.002292727244038161 
0.03162277660168377 -0.0034793794578913888 -0.0013836757286681135 
0.03162277660168379 0.007518629421282569 0.0313169074647348 
0.03162277660168385 -0.004254224167319503 -0.005161822691120681 
0.03162277660168377 0.007515061255823151 0.03154949659441913 
0.03162277660168377 -0.004001729953363511 -0.003629624753503614 
0.0316227766016838 -0.004122716320672681 -0.004477763438784447 
0.0316227766016838 -0.004185891817949887 -0.004661551337838401 
0.03162277660168384 -0.003790231271415592 -0.002496267388588235 
0.031622776601683764 0.007146436320002946 0.03624635723914414 
0.03162277660168376 -0.0038634241778387583 -0.0028775857071163292 
0.0316227766016838 -0.005016800805001376 -0.010506228268172603 
0.03162277660168378 -0.00396267409239602 -0.0036374339871234644 
0.031622776601683784 -0.004840178430830778 -0.009083238792515548 
0.031622776601683826 -0.0036136811539228164 -0.0016923221472028862 
0.031622776601683805 -0.003768473519806327 -0.0023947595190928535 
0.03162277660168377 -0.003982344204649073 -0.0035234811167322608 
0.03162277660168372 0.05822725887259923 0.053302627658342545 
0.03162277660168378 0.010097171662643544 0.032678857040140306 
0.031622776601683694 -0.0037606419159311776 -0.00244884276367656 
0.03162277660168379 -0.0037536853697484394 -0.0024858320818639487 
0.03162277660168383 -0.003965423352715792 -0.0034341807066440924 
0.0316227766016838 -0.004459269695231387 -0.006467599133453847 
0.031622776601683805 -0.003360385700596223 -0.00096185177083423 
0.0316227766016838 -0.003750006024840714 -0.00239444680816032 
0.03162277660168382 -0.003494241746966737 -0.0013130842251249883 
0.031622776601683784 0.008129343025613208 0.030800496525400105 
0.031622776601683854 0.008770619406988698 0.031177353570103438 
0.0316227766016838 -0.0037544198997510885 -0.002434409169107715 
0.031622776601683854 -0.0037485881707796107 -0.0023096523061140765 
0.03162277660168379 -0.003873046922541217 -0.0029786525412754824 
0.031622776601683854 -0.004432208127607331 -0.006415304794306717 
0.0316227766016838 0.007538992828158065 0.030756475111180796 
0.03162277660168378 0.06430750587981188 0.021733552506960522 
0.031622776601683784 -0.0038005223398529754 -0.0025356519028388296 
0.03162277660168378 -0.003835269359327916 -0.002711628489014778 
0.03162277660168379 -0.00436320074714083 -0.005798204528008358 
0.031622776601683784 -0.004274272131252113 -0.005504336655540088 
0.031622776601683784 -0.003831233812232409 -0.002709972751709921 
0.031622776601683805 -0.0034289044316544916 -0.0011514022343829327 
0.031622776601683805 -0.004296886067682513 -0.005421799748126721 
0.03162277660168381 -0.003651217632318219 -0.0019812298371256164 
0.03162277660168385 -0.003746619786433498 -0.0027026866210840984 
0.03162277660168381 -0.003391189543088546 -0.0010322590839395112 
0.0316227766016838 -0.004310931803389682 -0.0056577140874735565 
0.03162277660168379 -0.00380785939923459 -0.0026948282959976797 
0.0316227766016839 -0.003816405890343885 -0.0027561649524433917 
0.03162277660168384 -0.003936370627056984 -0.0032321099417775842 
0.03162277660168379 0.00835317592586186 0.03045442896428314 
0.03162277660168377 -0.003833745526212379 -0.002730154180721744 
0.031622776601683784 0.0075836822652294135 0.030384545667396942 
0.031622776601683826 -0.004824273781737701 -0.009208765914732143 
0.03162277660168384 0.00791332663424464 0.03307821811308002 
0.03162277660168377 -0.0037113837212818046 -0.002212679167195409 
0.03162277660168379 -0.004387612359375258 -0.0059200012571541715 
0.03162277660168376 -0.004156459141503662 -0.004580349159004159 
0.031622776601683784 -0.003843969925792993 -0.0028404929095684935 
0.031622776601683826 -0.003572363977814949 -0.0016881241761622263 
0.03162277660168382 0.008956593154546845 0.03114569222869529 
0.03162277660168386 -0.0035577366070810735 -0.0014924076962850202 
0.03162277660168379 -0.0038373817712699576 -0.002745924646962917 
0.0316227766016838 -0.0035559298414800417 -0.0016007587851011407 
0.031622776601683784 -0.003912582563256007 -0.0033133459823755213 
0.03162277660168381 -0.0034691925062634876 -0.0011841153202609748 
0.03162277660168381 -0.004645919448180104 -0.007870249689327497 
0.03162277660168377 -0.00449819221688502 -0.006749826445030284 
0.03162277660168379 -0.003913819581988073 -0.003206006448135346 
0.031622776601683826 -0.004392209545930543 -0.006084879862412194 
0.03162277660168375 -0.003651855280351929 -0.002122037275466861 
0.031622776601683694 -0.003951957964284066 -0.0035571849807756197 
0.03162277660168378 -0.003989996936643943 -0.0037978607263591036 
0.03162277660168375 -0.004261478533758309 -0.005148197911678261 
0.03162277660168386 -0.003776272308360254 -0.002467154243710116 
0.031622776601683805 -0.003651844945517145 -0.00196446384645911 
0.03162277660168376 -0.0037073293478213044 -0.0022047892318651533 
0.031622776601683805 0.008969879628754028 0.031019435184994597 
0.03162277660168372 -0.0043521609282851864 -0.005689829968528868 
0.03162277660168383 0.007985769426693353 0.030735033694082706 
0.03162277660168376 -0.004517281213455509 -0.006883261107173773 
0.03162277660168376 -0.003943365214366558 -0.0035911511327479956 
0.031622776601683764 -0.003918689400190044 -0.003346331004648801 
0.03162277660168374 0.006945892825328915 0.03606536247949449 
0.03162277660168384 -0.004004861342464726 -0.0036337492137795083 
0.031622776601683784 -0.004130127855012732 -0.004424827976170713 
0.03162277660168381 -0.004097628502985983 -0.004158448428084812 
0.031622776601683715 -0.003707636020021982 -0.0021778404037281636 
0.0316227766016838 -0.0036224813816021877 -0.0017325850920792431 
0.031622776601683764 -0.00464811452654664 -0.0077370447115558474 
0.03162277660168379 -0.004066574556682716 -0.00423307459500778 
0.031622776601683805 -0.0037450942540970533 -0.0024493627369940817 
0.03162277660168384 0.008558164782200733 0.03246444846413441 
0.03162277660168383 -0.003960598550860385 -0.00364446585923399 
0.031622776601683826 -0.003780785235158263 -0.002498950713395133 
0.031622776601683805 -0.003564719012343813 -0.0015131203695140161 
0.03162277660168377 -0.0040205668057548116 -0.003820686382369745 
0.03162277660168379 -0.004052106218119537 -0.004084540590987134 
0.03162277660168381 -0.004057373842154368 -0.004051242305916843 
0.03162277660168383 -0.00403019128402355 -0.003915977765833218 
0.03162277660168381 -0.00443611567113223 -0.006364735337591799 
0.03162277660168377 -0.00400789498833101 -0.003937979783578572 
0.03162277660168374 -0.004160148905022499 -0.0048290047208867735 
0.03162277660168377 -0.003740820547155387 -0.002326808106457416 
0.0316227766016838 0.05707673864378986 0.042591736422471195 
0.031622776601683826 0.059901259019308026 0.030746898142770245 
0.03162277660168384 0.058297326237543995 0.03497214549668406 
0.031622776601683805 -0.0037899839971061865 -0.0025099980532199686 
0.03162277660168375 0.1192018751894765 -0.12526445609176168 
0.031622776601683805 -0.004376828552670792 -0.005954746312858636 
0.03162277660168369 -0.003671629158563206 -0.001956250563644573 
0.03162277660168378 -0.003946865841144245 -0.003613094884837016 
0.03162277660168378 -0.0037911489550514444 -0.00293318372700052 
0.031622776601683805 -0.0038941444896875657 -0.0032387270194352818 
0.031622776601683784 -0.004540825653872746 -0.007064179251880362 
0.03162277660168379 0.06099272040327985 0.028376131860627974 
0.031622776601683715 0.057158780192727764 0.040889960782984215 
0.03162277660168375 0.1192018751894765 -0.12526445609176168 
0.03162277660168375 0.1192018751894765 -0.12526445609176168 
0.03162277660168375 0.1192018751894765 -0.12526445609176168 
0.03162277660168379 -0.0037020338543233386 -0.0023325970392541794 
0.03162277660168382 -0.0037191345860541312 -0.0024687956769462813 
0.031622776601683764 0.007934654580625079 0.030148703179892933 
0.03162277660168376 0.007209284033180592 0.03187145700292374 
0.03162277660168382 -0.003598347169255591 -0.0015967733561021785 
0.03162277660168377 -0.0034921371060453277 -0.001530306397447796 
0.03162277660168386 -0.0037604939207440454 -0.0023036821749871264 
0.03162277660168375 -0.003776825720885604 -0.0031357273947966646 
0.03162277660168376 -0.003920960479402538 -0.0031395080860560803 
0.03162277660168379 0.007492518811803357 0.0335473707304637 
0.03162277660168375 0.1192018751894765 -0.12526445609176168 
0.03162277660168375 0.1192018751894765 -0.12526445609176168 
0.03162277660168375 0.1192018751894765 -0.12526445609176168 
0.031622776601683715 0.05710941315439212 0.045132825425144185 
0.03162277660168378 0.057065018848470504 0.04359291487377476 
0.03162277660168375 0.1192018751894765 -0.12526445609176168 
0.031622776601683764 -0.003651165229665974 -0.001873280029782351 
0.03162277660168379 0.057106939372528726 0.04508089058760957 
0.03162277660168381 -0.003548363866834898 -0.0015220160627689866 
0.03162277660168381 -0.0038767359621518526 -0.003003146653918724 
0.0316227766016838 -0.003925985344524587 -0.003223976620145855 
0.031622776601683784 0.007830414523279936 0.03338738664079019 
0.03162277660168379 0.007865455660803456 0.030427168114507342 
0.03162277660168384 -0.004603749964542159 -0.007525643401128488 
0.031622776601683784 -0.0038799321237772636 -0.0030365681885224367 
0.031622776601683854 -0.0036954186706612538 -0.0020929345974541897 
0.031622776601683805 -0.003445529145014529 -0.00121978556340405 
0.0316227766016838 -0.0040574560423024715 -0.004001278503567942 
0.03162277660168383 -0.003619243645878902 -0.001784404663343328 
0.031622776601683805 0.00931235149552366 0.03141127742832358 
0.031622776601683784 -0.003982000565285334 -0.0037728282215849455 
0.031622776601683826 -0.004354235622920665 -0.006043958043126219 
0.03162277660168381 -0.003739218081078647 -0.0023580933130151996 
0.03162277660168383 -0.003915995635812444 -0.0032489892583114823 
0.031622776601683736 -0.0035689793615500728 -0.0015168289866596177 
0.03162277660168382 -0.0035310024042583387 -0.0015396789068657377 
0.031622776601683805 -0.0035876807915381456 -0.0017864826391141714 
0.03162277660168381 -0.0039847463755556265 -0.0035289032581296664 
0.03162277660168381 -0.0033913112010557885 -0.001189735640325215 
0.031622776601683764 -0.003650707744149427 -0.002100134121890887 
0.03162277660168381 -0.0034361402346934065 -0.0011162862447551343 
0.03162277660168379 0.008502939642739854 0.030436549185295026 
0.031622776601683805 0.009015834907153072 0.03109973002242473 
0.03162277660168376 -0.004172772626619888 -0.004750383640960181 
0.03162277660168379 0.007723484266480467 0.03221011111343176 
0.03162277660168377 0.007120472374744974 0.03339898008362986 
0.03162277660168375 0.007487914922644668 0.03164432664868875 
0.03162277660168375 -0.003542558734379907 -0.00142176945931239 
0.031622776601683826 -0.004501492904085503 -0.006858027014361079 
0.03162277660168379 -0.004039351750028602 -0.004217745975079384 
0.03162277660168375 0.007505412424410152 0.030725560250915933 
0.03162277660168378 -0.003835317518668963 -0.0028158259678873585 
0.031622776601683784 0.008787542243773212 0.031395131427216186 
0.031622776601683805 -0.0035705346791406545 -0.001530352261005244 
0.031622776601683826 -0.0037602842131874833 -0.0023675909426568776 
0.031622776601683715 -0.003849019681915296 -0.0027533718295491894 
0.031622776601683875 -0.0036869553474046662 -0.0020422194403561006 
0.031622776601683764 0.05825536420351431 0.03510585744482415 
0.03162277660168379 0.05980611877490271 0.030973033693755814 
0.03162277660168378 -0.004278450523867217 -0.005633901381750478 
0.03162277660168381 -0.004016285249616259 -0.004027123852825327 
0.03162277660168377 -0.004149999065153812 -0.004605673595167764 
0.0316227766016838 0.05712866211642803 0.04133317621103882 
0.03162277660168376 -0.0043707775680135496 -0.006134487913044257 
0.03162277660168372 0.00911022794248836 0.03161272418518076 
0.031622776601683805 -0.003821616279169718 -0.0026363491933462132 
0.03162277660168378 0.008624728070625249 0.030556298559009744 
0.031622776601683784 -0.0038403838278858126 -0.0028250439612170675 
0.0316227766016838 -0.0034064663455522157 -0.0010896911062856186 
0.03162277660168376 -0.004078208853288363 -0.004262721164608639 
0.031622776601683736 -0.004637286888229164 -0.007666056518954917 
0.03162277660168385 -0.004450059838010561 -0.006771628329127295 
0.03162277660168378 0.009137812900537896 0.031238805685318383 
0.03162277660168375 0.1192018751894765 -0.12526445609176168 
0.03162277660168384 0.007748813092206494 0.03174747351962366 
0.03162277660168375 -0.004500757506579002 -0.0069095236099808895 
0.03162277660168375 -0.003859619698014789 -0.003033785569180644 
0.031622776601683736 -0.0041850580327412725 -0.004775995769488996 
0.03162277660168376 0.058708895129013096 0.055801025594410913 
0.03162277660168377 0.05710119583684908 0.041859459366304134 
0.031622776601683805 -0.0043758214226764435 -0.006055089605302386 
0.03162277660168379 0.062272483111408296 0.07096523453202036 
0.031622776601683826 -0.004191272278270502 -0.004687149882645286 
0.03162277660168375 -0.003932664101251809 -0.0033253201425002257 
0.03162277660168385 -0.003687413012898511 -0.0020542737335830304 
0.031622776601683764 -0.0036379864354128552 -0.001908593929098091 
0.031622776601683784 0.007530898069411694 0.030752986436555024 
0.031622776601683784 -0.0039720874693725495 -0.003547435785828428 
0.031622776601683715 0.057281325745878894 0.03968471714794659 
0.03162277660168381 0.05811256421350864 0.03557039031534591 
0.03162277660168379 0.05750749976751841 0.038111256931460245 
0.03162277660168375 0.1192018751894765 -0.12526445609176168 
0.031622776601683826 0.061150061049505725 0.028050374851968627 
0.031622776601683826 0.05716302618080486 0.04083507138602579 
0.03162277660168374 0.058247130755989834 0.053409536999451945 
0.031622776601683826 0.05766427609398083 0.03731132673743694 
0.03162277660168375 0.1192018751894765 -0.12526445609176168 
0.03162277660168385 -0.003660970009221502 -0.0019120406262564428 
0.03162277660168381 0.05900392928954303 0.03296729516168851 
0.031622776601683784 0.05736734145513505 0.03900785440198628 
0.03162277660168379 -0.0041155128838668694 -0.004374369680611293 
0.03162277660168378 0.010013778753743815 0.03225215164753647 
0.03162277660168381 -0.004144390450322358 -0.004728675427864288 
0.03162277660168379 -0.0040466575098017255 -0.003843977725622841 
0.03162277660168375 -0.0034893841763505877 -0.0013524189150985711 
0.03162277660168381 0.007802017231013989 0.030492370161650916 
0.03162277660168387 -0.003578315013791348 -0.0015906217132047804 
0.03162277660168379 -0.003574448258407354 -0.0015727395550659208 
0.03162277660168383 -0.003685200530859331 -0.002037439387772826 
0.03162277660168388 -0.004541723498440725 -0.007147949956295148 
0.031622776601683805 0.008869142233840104 0.031216801291650106 
0.031622776601683826 -0.004181788190624357 -0.004635403244865362 
0.03162277660168375 -0.0035043265039449854 -0.0013690701813338102 
0.03162277660168379 -0.004656738488832827 -0.007829407791211862 
0.031622776601683805 -0.004090339862819326 -0.004352078403877609 
0.03162277660168382 -0.003983838907052205 -0.0037984996225342484 
0.03162277660168387 -0.003593169435643798 -0.001892119873705346 
0.031622776601683875 -0.0037420588731724327 -0.002375797517588378 
0.031622776601683854 -0.004171896286047889 -0.0047364048269054665 
0.03162277660168377 -0.003793948005778232 -0.0026828407109382416 
0.03162277660168382 -0.004261665807637569 -0.005177654147328251 
0.031622776601683784 -0.00414360227361968 -0.004463771413528695 
0.03162277660168384 -0.003649813949998863 -0.001912091325875962 
0.03162277660168377 0.0075141827061140695 0.036846523132365354 
0.03162277660168373 -0.0038539973678192005 -0.0029656047501762837 
0.03162277660168376 -0.003501342689374567 -0.0013134829525337766 
0.03162277660168384 0.008142469708839846 0.030228826116675916 
0.031622776601683736 0.007701129943359932 0.03240860096018338 
0.03162277660168382 -0.004299076921230655 -0.005654328545463183 
0.03162277660168375 0.0571094387620336 0.041674311461764965 
0.031622776601683784 0.05729862046889756 0.039539416482901144 
0.031622776601683805 -0.004021008329607669 -0.0037508766626833884 
0.031622776601683826 -0.0038615178474730805 -0.002856865669846561 
0.0316227766016838 -0.004362465655875047 -0.005752531195160602 
0.031622776601683826 -0.0037664569219269806 -0.0024019258185035476 
0.0316227766016838 -0.00448483095706697 -0.006697132929472651 
0.031622776601683784 -0.003815824654919665 -0.002727790202859825 
0.031622776601683764 -0.00358300994896631 -0.0018236967040857449 
0.03162277660168375 -0.003937774246449963 -0.0034748847052515795 
0.03162277660168373 -0.003944011081304088 -0.003382438611128183 
0.03162277660168379 -0.0037938333419662595 -0.0025254348440597054 
0.031622776601683826 -0.003402527952288942 -0.0011376895484059347 
0.03162277660168378 0.007666637874680207 0.030685949997311352 
0.031622776601683826 -0.004058547706657595 -0.0041290531653441435 
0.03162277660168374 -0.00369825051756019 -0.0021773344949853634 
0.031622776601683784 -0.004126821681369104 -0.004338156331110507 
0.03162277660168377 -0.004488889786029011 -0.0067975395628494745 
0.031622776601683805 -0.003730376369157875 -0.002457540064827246 
0.03162277660168381 -0.0045784772683938645 -0.007361771548262691 
0.03162277660168378 -0.003543386640379836 -0.0014235922048498276 
0.031622776601683805 -0.0037743393853838054 -0.0024386314374688733 
0.03162277660168378 -0.0036214299123012036 -0.001950333637105602 
0.031622776601683805 -0.003925373756018235 -0.0036723506704182574 
0.03162277660168381 -0.0038802031298741024 -0.0031180744396786756 
0.031622776601683854 -0.0039043190544902034 -0.003131260497840627 
0.03162277660168378 0.00789154901139436 0.03016059488961568 
0.03162277660168384 -0.003703629338339193 -0.002364813674547247 
0.031622776601683826 -0.004034447014699175 -0.0039795986398405096 
0.03162277660168376 0.0075353924121364805 0.03056133397274678 
0.031622776601683764 -0.0036116599669904293 -0.0019108613660187954 
0.031622776601683715 -0.003789380045349774 -0.002518335794664266 
0.03162277660168374 -0.004427973255205879 -0.006225566380070648 
0.03162277660168376 0.05713270796513274 0.04126816433478159 
0.031622776601683736 -0.004241207026533959 -0.00510512308748254 
0.03162277660168378 -0.0043481366994480184 -0.005767733547029269 
0.03162277660168375 0.05748127874577171 0.03826073990079051 
0.03162277660168381 -0.004526827772542795 -0.006917708148567379 
0.031622776601683826 0.008328839929595908 0.03104186699191967 
0.0316227766016838 -0.004015991462283224 -0.0036759755022854365 
0.03162277660168375 0.1192018751894765 -0.12526445609176168 
0.03162277660168384 0.05743181739726246 0.03856850810172192 
0.031622776601683736 0.058914332817618015 0.03320144646130418 
0.03162277660168379 0.05794694943876451 0.03614727160947961 
0.03162277660168382 -0.003493225370789925 -0.0012815200010854926 
0.031622776601683784 -0.0034856937908794585 -0.0013085736552525759 
0.031622776601683826 0.008878819111442506 0.03239679158683282 
0.0316227766016838 0.008209242694449047 0.030388740234202134 
0.031622776601683826 -0.003634587561682601 -0.0018726172695042677 
0.031622776601683784 -0.003844724906167383 -0.002763848827860004 
0.031622776601683805 -0.003710370628752765 -0.0021696485734901067 
0.03162277660168384 -0.003874937654831524 -0.0029738096892295363 
0.03162277660168383 -0.0041407881910083925 -0.004578861305256139 
0.03162277660168375 0.007693341117197646 0.03024653507437711 
0.031622776601683854 -0.003739260260941204 -0.0024624909527031762 
0.031622776601683826 0.008099749848070215 0.03452400985081735 
0.03162277660168376 0.00789546521395196 0.032647734646955626 
0.031622776601683784 -0.004327644952499037 -0.005533453816875879 
0.031622776601683826 -0.004293161288993761 -0.00549747246195916 
0.0316227766016838 -0.00424308113522809 -0.005030718744392493 
0.03162277660168378 -0.003701985973709502 -0.0024097054905671956 
0.03162277660168375 -0.0034754724803909265 -0.0014409873401692867 
0.03162277660168381 -0.0039194338204594035 -0.0033254770460344513 
0.03162277660168375 0.00871516292946418 0.03074233339481548 
0.0316227766016838 -0.0040838968517061085 -0.004342148672844213 
0.03162277660168375 -0.003477212674838985 -0.0012302106785739154 
0.03162277660168382 0.008322733989615283 0.0308247003516274 
0.03162277660168379 -0.0038816920964064804 -0.003063924142991357 
0.03162277660168385 -0.003528155495166015 -0.001364469069546107 
0.0316227766016838 -0.003757719513206135 -0.0024262204097095005 
0.03162277660168377 -0.00363434696127186 -0.0018619187621635783 
0.03162277660168379 -0.003648006585642386 -0.0019240173850339365 
0.03162277660168385 -0.004398278843596837 -0.006059775947593792 
0.03162277660168387 0.007257984506914354 0.031686921813467224 
0.03162277660168382 -0.004078565564482219 -0.004040198345653869 
0.031622776601683805 -0.003987034380907047 -0.004003574220691961 
0.031622776601683736 -0.004231662216743727 -0.005403463502789437 
0.031622776601683784 -0.0036854731734645087 -0.00204938129354 
0.03162277660168386 -0.004128551731673719 -0.0043174563775218175 
0.031622776601683764 -0.004227692061394495 -0.005131541425607737 
0.031622776601683805 -0.004186377981463858 -0.004906532671379195 
0.0316227766016838 -0.00416372926612862 -0.0047733333778062735 
0.03162277660168377 -0.003635122508670471 -0.0018152223067611321 
0.03162277660168378 -0.004426066333322706 -0.0061669245274229775 
0.03162277660168385 0.007944339033574783 0.03771324252736201 
0.03162277660168379 0.06053569435874624 0.029330568163263352 
0.0316227766016838 0.008254075364587136 0.030816816399231717 
0.031622776601683826 -0.0040923225506659016 -0.0041911737852547044 
0.031622776601683764 -0.004113457624214437 -0.0043592686532342075 
0.031622776601683826 -0.003999079278062262 -0.0036449564603430783 
0.031622776601683784 -0.003907714926781844 -0.003202553981454769 
0.031622776601683784 -0.003689159240364662 -0.0024428831440826975 
0.03162277660168386 -0.003610488515123452 -0.0018937014506487698 
0.0316227766016838 0.008264466761861381 0.03744127264416303 
0.031622776601683784 -0.00397302770582388 -0.0035501014485224166 
0.03162277660168381 -0.003936531945774506 -0.0034150738953107286 
0.0316227766016838 -0.004102640443243705 -0.004228688564995896 
0.03162277660168382 -0.003808735522762734 -0.002752193916747622 
0.03162277660168389 -0.004336278487797833 -0.005769230108173956 
0.031622776601683764 -0.0037590106863736694 -0.002348921104327197 
0.03162277660168381 0.007585226363777439 0.0366797247127087 
0.031622776601683805 0.06364338549561471 0.023053459790845814 
0.03162277660168377 0.05985514111297755 0.030855679345101694 
0.031622776601683805 0.05965997888832928 0.03132609795376544 
0.03162277660168375 0.1192018751894765 -0.12526445609176168 
0.031622776601683826 0.058631051679245656 0.033966988686247326 
0.03162277660168382 0.06266689825915038 0.0724662352705523 
0.03162277660168379 -0.003749530376272974 -0.002344788476567754 
0.03162277660168381 -0.003936595177871383 -0.0032655266836647324 
0.03162277660168375 -0.003828962632018171 -0.0028260021352204683 
0.031622776601683784 0.05849185982015542 0.034370935872147505 
0.031622776601683805 0.008958472012357794 0.031199732674051715 
0.0316227766016838 -0.00359627536790843 -0.0016317928576271698 
0.03162277660168379 0.007632738375227301 0.03035972601430149 
0.03162277660168375 0.1192018751894765 -0.12526445609176168 
0.03162277660168385 -0.004377253481698143 -0.006206177415871032 
0.03162277660168381 0.05740333828880405 0.03875895994957271 
0.03162277660168383 -0.003470248476407844 -0.0012482100145634258 
0.03162277660168383 -0.003642739651029039 -0.0017973152781404083 
0.03162277660168379 0.009616477218395137 0.031782671519954314 
0.03162277660168386 -0.004217276731522032 -0.004951409409622441 
0.03162277660168387 -0.0039329136450881735 -0.003471918362247074 
0.03162277660168373 0.05717452613647666 0.0406926091686967 
0.03162277660168386 -0.0038348928030460124 -0.0028531862588024822 
0.03162277660168386 -0.004178303279185752 -0.004610667488524349 
0.03162277660168381 0.008491929349939135 0.030777139818672705 
0.03162277660168374 -0.0038492763450658648 -0.002834316120258422 
0.03162277660168383 -0.003640607595865396 -0.0017605852824788056 
0.03162277660168378 -0.004439702354352719 -0.006623956023027468 
0.03162277660168381 -0.004118768144180166 -0.004427323036790727 
0.031622776601683826 -0.0035817044782863257 -0.0017412357239085458 
0.0316227766016838 -0.003841761930073858 -0.0029059258219983576 
0.031622776601683805 0.009199526199445543 0.03142731585884524 
0.031622776601683784 -0.004162060725413708 -0.004947750351660678 
0.03162277660168374 -0.00407766274063456 -0.00410765298966347 
0.031622776601683764 -0.004586677984599594 -0.0072931541918366885 
0.031622776601683854 -0.00364776976997466 -0.0018335960368155674 
0.03162277660168379 -0.004651067472084825 -0.007739308318635982 
0.031622776601683764 0.007642730980931276 0.030924519085894782 
0.03162277660168382 -0.003702738266412495 -0.0024162018583912415 
0.03162277660168382 0.057731624469332964 0.05049381769856266 
0.03162277660168381 0.007366497452957601 0.030953094622452153 
0.031622776601683736 -0.003965008939316476 -0.0034269805285149085 
0.03162277660168384 -0.004605611431171304 -0.007548288520942867 
0.03162277660168377 -0.003953626796701784 -0.003387403327266309 
0.03162277660168381 0.06309291141296303 0.024148272909183036 
0.031622776601683784 -0.0037345125878388576 -0.0022423105789773712 
0.031622776601683805 -0.004102732359216381 -0.004177145029300906 
0.03162277660168379 -0.0040491383459425705 -0.0041448822780185916 
0.03162277660168378 0.0073595478182994535 0.036084578880916963 
0.031622776601683764 -0.003835416903844848 -0.0030140189790785533 
0.03162277660168381 -0.003995878405582828 -0.0035639237313559546 
0.03162277660168379 0.05742447839147811 0.038617564038529145 
0.031622776601683784 0.05724380823666834 0.04689446549033553 
0.03162277660168388 0.06033496664492378 0.02976583271027879 
0.03162277660168379 0.061335734214754085 0.027668119920339476 
0.03162277660168375 0.1192018751894765 -0.12526445609176168 
0.03162277660168386 -0.003703428808287639 -0.002261300388375127 
0.03162277660168379 -0.0037925146019603014 -0.002505292059071248 
0.03162277660168381 -0.00431475713594087 -0.0055333726085898425 
0.03162277660168375 0.058375963408881786 0.0541007631587561 
0.03162277660168378 -0.004091925261137524 -0.004172008927263485 
0.03162277660168388 -0.0035364791761234473 -0.0014283489363857325 
0.03162277660168384 -0.00457852745566931 -0.007342147184386485 
0.031622776601683826 -0.0040514242187408575 -0.003899958244137249 
0.03162277660168385 -0.004563846634844674 -0.007164197140539431 
0.03162277660168378 -0.0039201893552287025 -0.0032683874036047713 
0.03162277660168384 -0.0038375701520553768 -0.002764049883146402 
0.03162277660168378 -0.004365812768082004 -0.005809592338830416 
0.0316227766016838 0.057177251050604457 0.04613217901419898 
0.031622776601683916 -0.0044084930685528954 -0.0060615093880443255 
0.03162277660168379 0.00788646550140308 0.03161370834090196 
0.03162277660168381 -0.00392080161678634 -0.0031639106203596957 
0.03162277660168376 0.007534419322613943 0.030807183494453896 
0.03162277660168375 -0.003965827451657233 -0.0034112070599481284 
0.03162277660168379 -0.0037408186588106184 -0.002390263186801069 
0.031622776601683854 -0.00433635999552716 -0.005688157169873784 
0.03162277660168382 -0.0037236113239338567 -0.0022044117061552513 
0.031622776601683854 -0.0037522534562538733 -0.002486482060015808 
0.03162277660168377 0.0077994538930297634 0.03100659466993506 
0.031622776601683895 0.007549307463143558 0.03235345279332349 
0.03162277660168389 -0.0040062790191151085 -0.0038991917782693676 
0.03162277660168377 -0.003639624366740189 -0.0018337564558371525 
